[gd_scene load_steps=96 format=3 uid="uid://bryply5pm5nlg"]

[ext_resource type="Script" path="res://Scripts/PlayerSkeleton.gd" id="1_wbk7d"]
[ext_resource type="PackedScene" uid="uid://c0hc88bv6i8f3" path="res://Assets/Models/LevelObjects/Entities/Player/Player.blend" id="1_yr3ub"]
[ext_resource type="Script" path="res://Scripts/Players/PlayerModel.gd" id="2_oqrot"]
[ext_resource type="AudioStream" uid="uid://btxrdugeymdpx" path="res://Assets/Sounds/sfx/Hit.mp3" id="4_52v3t"]

[sub_resource type="CapsuleShape3D" id="CapsuleShape3D_bdt4x"]
radius = 0.0185403
height = 0.185403

[sub_resource type="CapsuleShape3D" id="CapsuleShape3D_rcvrg"]
radius = 0.0185403
height = 0.185403

[sub_resource type="CapsuleShape3D" id="CapsuleShape3D_38uhh"]
radius = 0.0154525
height = 0.154525

[sub_resource type="CapsuleShape3D" id="CapsuleShape3D_7024q"]
radius = 0.0185403
height = 0.185403

[sub_resource type="CapsuleShape3D" id="CapsuleShape3D_14lvf"]
radius = 0.009924
height = 0.09924

[sub_resource type="CapsuleShape3D" id="CapsuleShape3D_clro6"]
radius = 0.0314815
height = 0.314815

[sub_resource type="CapsuleShape3D" id="CapsuleShape3D_bgdk6"]
radius = 0.00889291
height = 0.0889291

[sub_resource type="CapsuleShape3D" id="CapsuleShape3D_lnkvy"]
radius = 0.0117215
height = 0.117215

[sub_resource type="CapsuleShape3D" id="CapsuleShape3D_bdqym"]
radius = 0.00889291
height = 0.0889291

[sub_resource type="CapsuleShape3D" id="CapsuleShape3D_dxnhe"]
radius = 0.0117215
height = 0.117215

[sub_resource type="CapsuleShape3D" id="CapsuleShape3D_el4kq"]
radius = 0.0243814
height = 0.243814

[sub_resource type="CapsuleShape3D" id="CapsuleShape3D_6a0ua"]
radius = 2.29708e-06
height = 2.29708e-05

[sub_resource type="CapsuleShape3D" id="CapsuleShape3D_jogoa"]
radius = 0.0133903
height = 0.133903

[sub_resource type="CapsuleShape3D" id="CapsuleShape3D_yjr2x"]
radius = 0.0292574
height = 0.292574

[sub_resource type="CapsuleShape3D" id="CapsuleShape3D_wmw2s"]
radius = 1.28929e-06
height = 1.28929e-05

[sub_resource type="CapsuleShape3D" id="CapsuleShape3D_8g20t"]
radius = 0.0133903
height = 0.133903

[sub_resource type="CapsuleShape3D" id="CapsuleShape3D_0443i"]
radius = 0.0164137
height = 0.164137

[sub_resource type="CapsuleShape3D" id="CapsuleShape3D_q4aa5"]
radius = 0.0161284
height = 0.161284

[sub_resource type="CapsuleShape3D" id="CapsuleShape3D_2kn4l"]
radius = 0.0250972
height = 0.250972

[sub_resource type="CapsuleShape3D" id="CapsuleShape3D_w3jdd"]
radius = 0.0164137
height = 0.164137

[sub_resource type="CapsuleShape3D" id="CapsuleShape3D_om0r0"]
radius = 0.0160966
height = 0.160966

[sub_resource type="CapsuleShape3D" id="CapsuleShape3D_ybwe5"]
radius = 0.025097
height = 0.25097

[sub_resource type="AnimationNodeAdd2" id="AnimationNodeAdd2_6olxp"]

[sub_resource type="AnimationNodeAnimation" id="AnimationNodeAnimation_6eu5d"]
animation = &"Land"

[sub_resource type="AnimationNodeAnimation" id="AnimationNodeAnimation_50wh4"]
animation = &"Idle"

[sub_resource type="AnimationNodeAnimation" id="AnimationNodeAnimation_0ktk1"]
animation = &"Swim"

[sub_resource type="AnimationNodeAnimation" id="AnimationNodeAnimation_4435m"]
animation = &"SwimIdle"

[sub_resource type="AnimationNodeAnimation" id="AnimationNodeAnimation_542aa"]
animation = &"Idle"

[sub_resource type="AnimationNodeAnimation" id="AnimationNodeAnimation_u7nvj"]
animation = &"Run"

[sub_resource type="AnimationNodeAnimation" id="AnimationNodeAnimation_g6wpn"]
animation = &"Default"

[sub_resource type="AnimationNodeAnimation" id="AnimationNodeAnimation_5gph2"]
animation = &"Run"

[sub_resource type="AnimationNodeAnimation" id="AnimationNodeAnimation_i8th6"]
animation = &"Jump"

[sub_resource type="AnimationNodeAnimation" id="AnimationNodeAnimation_x0rp6"]
animation = &"Fall"

[sub_resource type="AnimationNodeAnimation" id="AnimationNodeAnimation_p8367"]
animation = &"Idle"

[sub_resource type="AnimationNodeTimeScale" id="AnimationNodeTimeScale_7l1es"]

[sub_resource type="AnimationNodeBlend2" id="AnimationNodeBlend2_mjjyp"]

[sub_resource type="AnimationNodeBlend3" id="AnimationNodeBlend3_ayar2"]

[sub_resource type="AnimationNodeBlendTree" id="AnimationNodeBlendTree_2m0ar"]
graph_offset = Vector2(-772.764, 60.0983)
nodes/Animation/node = SubResource("AnimationNodeAnimation_p8367")
nodes/Animation/position = Vector2(-540, 40)
"nodes/Animation 2/node" = SubResource("AnimationNodeAnimation_5gph2")
"nodes/Animation 2/position" = Vector2(-660, 220)
"nodes/Animation 3/node" = SubResource("AnimationNodeAnimation_i8th6")
"nodes/Animation 3/position" = Vector2(100, 280)
"nodes/Animation 4/node" = SubResource("AnimationNodeAnimation_x0rp6")
"nodes/Animation 4/position" = Vector2(100, 40)
nodes/TimeScale/node = SubResource("AnimationNodeTimeScale_7l1es")
nodes/TimeScale/position = Vector2(-405.9, 215.6)
nodes/output/position = Vector2(620, 180)
nodes/speed/node = SubResource("AnimationNodeBlend2_mjjyp")
nodes/speed/position = Vector2(-92.2383, 142.018)
nodes/vertical/node = SubResource("AnimationNodeBlend3_ayar2")
nodes/vertical/position = Vector2(276.768, 115.076)
node_connections = [&"output", 0, &"vertical", &"TimeScale", 0, &"Animation 2", &"speed", 0, &"Animation", &"speed", 1, &"TimeScale", &"vertical", 0, &"Animation 4", &"vertical", 1, &"speed", &"vertical", 2, &"Animation 3"]

[sub_resource type="AnimationNodeAdd2" id="AnimationNodeAdd2_klpr7"]

[sub_resource type="AnimationNodeAnimation" id="AnimationNodeAnimation_1ulf2"]
animation = &"RunArms"

[sub_resource type="AnimationNodeAnimation" id="AnimationNodeAnimation_7uloj"]
animation = &"Strike"

[sub_resource type="AnimationNodeAnimation" id="AnimationNodeAnimation_3qilg"]
animation = &"JumpTop"

[sub_resource type="AnimationNodeAnimation" id="AnimationNodeAnimation_bxioo"]
animation = &"FallTop"

[sub_resource type="AnimationNodeAnimation" id="AnimationNodeAnimation_dt6cg"]
animation = &"IdleTop_001"

[sub_resource type="AnimationNodeTimeScale" id="AnimationNodeTimeScale_yr16x"]

[sub_resource type="AnimationNodeTimeScale" id="AnimationNodeTimeScale_1w316"]

[sub_resource type="AnimationNodeTimeScale" id="AnimationNodeTimeScale_p1ayl"]

[sub_resource type="AnimationNodeBlend2" id="AnimationNodeBlend2_15kxu"]

[sub_resource type="AnimationNodeBlend2" id="AnimationNodeBlend2_oq0cl"]

[sub_resource type="AnimationNodeAnimation" id="AnimationNodeAnimation_fkln7"]
animation = &"Aim"

[sub_resource type="AnimationNodeAnimation" id="AnimationNodeAnimation_x0p0m"]
animation = &"Release"

[sub_resource type="AnimationNodeStateMachineTransition" id="AnimationNodeStateMachineTransition_584ir"]

[sub_resource type="AnimationNodeStateMachineTransition" id="AnimationNodeStateMachineTransition_lk6kg"]

[sub_resource type="AnimationNodeStateMachineTransition" id="AnimationNodeStateMachineTransition_0tqhc"]

[sub_resource type="AnimationNodeStateMachine" id="AnimationNodeStateMachine_gveya"]
states/Aim/node = SubResource("AnimationNodeAnimation_fkln7")
states/Aim/position = Vector2(449, 100)
states/Release/node = SubResource("AnimationNodeAnimation_x0p0m")
states/Release/position = Vector2(693, 100)
states/Start/position = Vector2(223, 100)
transitions = ["Start", "Aim", SubResource("AnimationNodeStateMachineTransition_584ir"), "Aim", "Release", SubResource("AnimationNodeStateMachineTransition_lk6kg"), "Release", "Aim", SubResource("AnimationNodeStateMachineTransition_0tqhc")]

[sub_resource type="AnimationNodeAnimation" id="AnimationNodeAnimation_n1jr4"]
animation = &"LowerShield"

[sub_resource type="AnimationNodeAnimation" id="AnimationNodeAnimation_ete37"]
animation = &"RaiseShield"

[sub_resource type="AnimationNodeStateMachineTransition" id="AnimationNodeStateMachineTransition_0a4ip"]

[sub_resource type="AnimationNodeStateMachineTransition" id="AnimationNodeStateMachineTransition_86gqw"]

[sub_resource type="AnimationNodeStateMachineTransition" id="AnimationNodeStateMachineTransition_hcc00"]

[sub_resource type="AnimationNodeStateMachine" id="AnimationNodeStateMachine_bg8rs"]
states/Lower/node = SubResource("AnimationNodeAnimation_n1jr4")
states/Lower/position = Vector2(584, 107)
states/Raise/node = SubResource("AnimationNodeAnimation_ete37")
states/Raise/position = Vector2(410, 113)
transitions = ["Start", "Raise", SubResource("AnimationNodeStateMachineTransition_0a4ip"), "Raise", "Lower", SubResource("AnimationNodeStateMachineTransition_86gqw"), "Lower", "Raise", SubResource("AnimationNodeStateMachineTransition_hcc00")]
graph_offset = Vector2(96, 3)

[sub_resource type="AnimationNodeBlend2" id="AnimationNodeBlend2_dtlo4"]

[sub_resource type="AnimationNodeTimeSeek" id="AnimationNodeTimeSeek_5d7qv"]

[sub_resource type="AnimationNodeBlend3" id="AnimationNodeBlend3_gli1j"]

[sub_resource type="AnimationNodeBlendTree" id="AnimationNodeBlendTree_a0vwq"]
graph_offset = Vector2(-49.433, 73.2843)
nodes/Add2/node = SubResource("AnimationNodeAdd2_klpr7")
nodes/Add2/position = Vector2(820, 340)
nodes/Animation/node = SubResource("AnimationNodeAnimation_dt6cg")
nodes/Animation/position = Vector2(-800, 40)
"nodes/Animation 2/node" = SubResource("AnimationNodeAnimation_1ulf2")
"nodes/Animation 2/position" = Vector2(-980, 180)
"nodes/Animation 3/node" = SubResource("AnimationNodeAnimation_7uloj")
"nodes/Animation 3/position" = Vector2(-520, 540)
"nodes/Animation 4/node" = SubResource("AnimationNodeAnimation_3qilg")
"nodes/Animation 4/position" = Vector2(-380, 360)
"nodes/Animation 5/node" = SubResource("AnimationNodeAnimation_bxioo")
"nodes/Animation 5/position" = Vector2(-280, 0)
nodes/TimeScale/node = SubResource("AnimationNodeTimeScale_p1ayl")
nodes/TimeScale/position = Vector2(-704.506, 224.557)
"nodes/TimeScale 2/node" = SubResource("AnimationNodeTimeScale_yr16x")
"nodes/TimeScale 2/position" = Vector2(-300, 540)
"nodes/TimeScale 3/node" = SubResource("AnimationNodeTimeScale_1w316")
"nodes/TimeScale 3/position" = Vector2(600, 580)
nodes/Use/node = SubResource("AnimationNodeBlend2_15kxu")
nodes/Use/position = Vector2(1040, 160)
nodes/aim/node = SubResource("AnimationNodeBlend2_oq0cl")
nodes/aim/position = Vector2(300, 0)
nodes/aimingstatemachine/node = SubResource("AnimationNodeStateMachine_gveya")
nodes/aimingstatemachine/position = Vector2(-120, 280)
nodes/output/position = Vector2(1460, 140)
nodes/shieldstatemachine/node = SubResource("AnimationNodeStateMachine_bg8rs")
nodes/shieldstatemachine/position = Vector2(340, 680)
nodes/speed/node = SubResource("AnimationNodeBlend2_dtlo4")
nodes/speed/position = Vector2(-433.502, 120.852)
nodes/strikestart/node = SubResource("AnimationNodeTimeSeek_5d7qv")
nodes/strikestart/position = Vector2(-80, 500)
nodes/vertical/node = SubResource("AnimationNodeBlend3_gli1j")
nodes/vertical/position = Vector2(-80, 60)
node_connections = [&"output", 0, &"Use", &"Add2", 0, &"strikestart", &"Add2", 1, &"TimeScale 3", &"TimeScale", 0, &"Animation 2", &"TimeScale 2", 0, &"Animation 3", &"TimeScale 3", 0, &"shieldstatemachine", &"Use", 0, &"aim", &"Use", 1, &"Add2", &"aim", 0, &"vertical", &"aim", 1, &"aimingstatemachine", &"speed", 0, &"Animation", &"speed", 1, &"TimeScale", &"strikestart", 0, &"TimeScale 2", &"vertical", 0, &"Animation 5", &"vertical", 1, &"speed", &"vertical", 2, &"Animation 4"]

[sub_resource type="AnimationNodeTimeScale" id="AnimationNodeTimeScale_0h8p5"]

[sub_resource type="AnimationNodeTimeScale" id="AnimationNodeTimeScale_3o6pb"]

[sub_resource type="AnimationNodeTimeScale" id="AnimationNodeTimeScale_8e1wm"]

[sub_resource type="AnimationNodeTimeScale" id="AnimationNodeTimeScale_etkup"]

[sub_resource type="AnimationNodeAdd2" id="AnimationNodeAdd2_a8ymg"]

[sub_resource type="AnimationNodeOneShot" id="AnimationNodeOneShot_eoek4"]

[sub_resource type="AnimationNodeBlend2" id="AnimationNodeBlend2_ddqy5"]

[sub_resource type="AnimationNodeBlend2" id="AnimationNodeBlend2_i68h2"]

[sub_resource type="AnimationNodeBlend2" id="AnimationNodeBlend2_0tx31"]

[sub_resource type="AnimationNodeBlend2" id="AnimationNodeBlend2_s4dde"]

[sub_resource type="AnimationNodeBlend2" id="AnimationNodeBlend2_a00wc"]

[sub_resource type="AnimationNodeAnimation" id="AnimationNodeAnimation_u752m"]
animation = &"Fall"

[sub_resource type="AnimationNodeAnimation" id="AnimationNodeAnimation_mg1y3"]
animation = &"Jump"

[sub_resource type="Curve" id="Curve_4ao22"]
_data = [Vector2(0, 0), 0.0, 0.0, 0, 0, Vector2(1, 1), 0.0, 0.0, 0, 0]
point_count = 2

[sub_resource type="AnimationNodeStateMachineTransition" id="AnimationNodeStateMachineTransition_5h2jr"]
xfade_time = 0.2
xfade_curve = SubResource("Curve_4ao22")

[sub_resource type="AnimationNodeStateMachineTransition" id="AnimationNodeStateMachineTransition_ln832"]
switch_mode = 1

[sub_resource type="AnimationNodeStateMachineTransition" id="AnimationNodeStateMachineTransition_ju5kq"]

[sub_resource type="AnimationNodeStateMachineTransition" id="AnimationNodeStateMachineTransition_te6lb"]

[sub_resource type="AnimationNodeStateMachineTransition" id="AnimationNodeStateMachineTransition_ft74u"]

[sub_resource type="AnimationNodeStateMachine" id="AnimationNodeStateMachine_doh4d"]
states/Fall/node = SubResource("AnimationNodeAnimation_u752m")
states/Fall/position = Vector2(645, 100)
states/Jump/node = SubResource("AnimationNodeAnimation_mg1y3")
states/Jump/position = Vector2(520, 23)
states/Start/position = Vector2(256, 100)
transitions = ["Jump", "Fall", SubResource("AnimationNodeStateMachineTransition_5h2jr"), "Start", "Jump", SubResource("AnimationNodeStateMachineTransition_ln832"), "Fall", "End", SubResource("AnimationNodeStateMachineTransition_ju5kq"), "Start", "Fall", SubResource("AnimationNodeStateMachineTransition_te6lb"), "Fall", "Jump", SubResource("AnimationNodeStateMachineTransition_ft74u")]
graph_offset = Vector2(-69, -31)

[sub_resource type="AnimationNodeBlendTree" id="AnimationNodeBlendTree_dcbpa"]
graph_offset = Vector2(-943.406, -125.772)
nodes/Add2/node = SubResource("AnimationNodeAdd2_6olxp")
nodes/Add2/position = Vector2(1280, 100)
nodes/Animation/node = SubResource("AnimationNodeAnimation_g6wpn")
nodes/Animation/position = Vector2(756, 16)
"nodes/Animation 2/node" = SubResource("AnimationNodeAnimation_6eu5d")
"nodes/Animation 2/position" = Vector2(-3360, 520)
"nodes/Animation 3/node" = SubResource("AnimationNodeAnimation_50wh4")
"nodes/Animation 3/position" = Vector2(-3080, -180)
"nodes/Animation 4/node" = SubResource("AnimationNodeAnimation_0ktk1")
"nodes/Animation 4/position" = Vector2(-3080, -400)
"nodes/Animation 5/node" = SubResource("AnimationNodeAnimation_4435m")
"nodes/Animation 5/position" = Vector2(-3080, -200)
"nodes/Animation 6/node" = SubResource("AnimationNodeAnimation_542aa")
"nodes/Animation 6/position" = Vector2(-3080, 0)
"nodes/Animation 7/node" = SubResource("AnimationNodeAnimation_u7nvj")
"nodes/Animation 7/position" = Vector2(-3080, 200)
nodes/PlayerBot/node = SubResource("AnimationNodeBlendTree_2m0ar")
nodes/PlayerBot/position = Vector2(-1020, -40)
nodes/PlayerTop/node = SubResource("AnimationNodeBlendTree_a0vwq")
nodes/PlayerTop/position = Vector2(-880, 100)
"nodes/TimeScale 2/node" = SubResource("AnimationNodeTimeScale_0h8p5")
"nodes/TimeScale 2/position" = Vector2(-2800, -220)
"nodes/TimeScale 3/node" = SubResource("AnimationNodeTimeScale_3o6pb")
"nodes/TimeScale 3/position" = Vector2(-3080, 500)
"nodes/TimeScale 4/node" = SubResource("AnimationNodeTimeScale_8e1wm")
"nodes/TimeScale 4/position" = Vector2(-2800, 180)
"nodes/TimeScale 5/node" = SubResource("AnimationNodeTimeScale_etkup")
"nodes/TimeScale 5/position" = Vector2(-2340, -260)
nodes/TopBot/node = SubResource("AnimationNodeAdd2_a8ymg")
nodes/TopBot/position = Vector2(-465.037, -72.0767)
nodes/land/node = SubResource("AnimationNodeOneShot_eoek4")
nodes/land/position = Vector2(-2560, 400)
nodes/landidle/node = SubResource("AnimationNodeBlend2_ddqy5")
nodes/landidle/position = Vector2(-1760, -80)
nodes/output/position = Vector2(1540, 120)
nodes/speed/node = SubResource("AnimationNodeBlend2_i68h2")
nodes/speed/position = Vector2(-2560, 120)
nodes/swim/node = SubResource("AnimationNodeBlend2_0tx31")
nodes/swim/position = Vector2(-2020, 60)
nodes/swim_speed/node = SubResource("AnimationNodeBlend2_s4dde")
nodes/swim_speed/position = Vector2(-2100, -320)
nodes/vertical/node = SubResource("AnimationNodeBlend2_a00wc")
nodes/vertical/position = Vector2(-2300, 80)
nodes/verticalstatemachine/node = SubResource("AnimationNodeStateMachine_doh4d")
nodes/verticalstatemachine/position = Vector2(-3080, 320)
node_connections = [&"output", 0, &"Add2", &"Add2", 0, &"Animation", &"Add2", 1, &"TopBot", &"TimeScale 2", 0, &"Animation 3", &"TimeScale 3", 0, &"Animation 2", &"TimeScale 4", 0, &"Animation 7", &"TimeScale 5", 0, &"Animation 4", &"TopBot", 0, &"PlayerBot", &"TopBot", 1, &"PlayerTop", &"land", 0, &"TimeScale 2", &"land", 1, &"TimeScale 3", &"landidle", 0, &"swim", &"landidle", 1, &"land", &"speed", 0, &"Animation 6", &"speed", 1, &"TimeScale 4", &"swim", 0, &"vertical", &"swim", 1, &"swim_speed", &"swim_speed", 0, &"Animation 5", &"swim_speed", 1, &"TimeScale 5", &"vertical", 0, &"speed", &"vertical", 1, &"verticalstatemachine"]

[sub_resource type="AnimationNodeStateMachinePlayback" id="AnimationNodeStateMachinePlayback_etfuy"]

[sub_resource type="AnimationNodeStateMachinePlayback" id="AnimationNodeStateMachinePlayback_u8g5x"]

[sub_resource type="AnimationNodeStateMachinePlayback" id="AnimationNodeStateMachinePlayback_h2wqu"]

[sub_resource type="SceneReplicationConfig" id="SceneReplicationConfig_ycw4q"]
properties/0/path = NodePath("AnimationTree:parameters/vertical/blend_amount")
properties/0/spawn = true
properties/0/sync = true
properties/1/path = NodePath("AnimationTree:parameters/strike/active")
properties/1/spawn = true
properties/1/sync = true
properties/2/path = NodePath("AnimationTree:parameters/speed/blend_amount")
properties/2/spawn = true
properties/2/sync = true
properties/3/path = NodePath("AnimationTree:parameters/landidle/blend_amount")
properties/3/spawn = true
properties/3/sync = true
properties/4/path = NodePath("AnimationTree:parameters/land/active")
properties/4/spawn = true
properties/4/sync = true
properties/5/path = NodePath("RunTrail:emitting")
properties/5/spawn = true
properties/5/sync = true
properties/6/path = NodePath("AnimationTree:parameters/aim/add_amount")
properties/6/spawn = true
properties/6/sync = true

[sub_resource type="SphereMesh" id="SphereMesh_ep8by"]
radius = 0.063
height = 0.125

[node name="PlayerModel" instance=ExtResource("1_yr3ub")]
script = ExtResource("2_oqrot")
attachmentPoints = [NodePath("HandL"), NodePath("HandR")]

[node name="Skeleton3D" parent="root" index="0"]
bones/0/rest = Transform3D(-6.91414e-06, 0.140677, 0.990056, 7.6741e-07, 0.990056, -0.140677, -1, -2.08616e-07, -6.91414e-06, 0.00629979, 0.465994, -2.75373e-10)
bones/0/position = Vector3(0.00533939, 0.334224, 1.57206e-08)
bones/0/rotation = Quaternion(-0.0315638, 0.706404, 0.0315633, 0.7064)
bones/0/scale = Vector3(1, 1, 1)
bones/1/rest = Transform3D(1, 1.7171e-06, -2.9305e-06, -1.1694e-06, 0.984106, 0.177583, 3.18885e-06, -0.177583, 0.984106, -3.83024e-08, 0.185363, -0.00385938)
bones/1/position = Vector3(-4.05897e-08, 0.185363, -0.00385937)
bones/1/rotation = Quaternion(0.0623886, -3.41998e-06, 2.09932e-07, 0.998052)
bones/2/rest = Transform3D(1, -9.01384e-07, 2.29689e-07, 8.97248e-07, 0.999848, 0.0174128, -2.4535e-07, -0.0174128, 0.999848, -8.24341e-15, 0.185403, 8.32667e-17)
bones/2/position = Vector3(-8.24341e-15, 0.185403, 8.32667e-17)
bones/2/rotation = Quaternion(-0.00870673, 1.18764e-07, 4.49675e-07, 0.999962)
bones/2/scale = Vector3(1, 1, 1)
bones/3/rest = Transform3D(1, 2.74725e-07, 4.50475e-07, -3.30337e-07, 0.991708, 0.128508, -4.11435e-07, -0.128508, 0.991709, 4.39864e-12, 0.154525, 5.89811e-06)
bones/3/position = Vector3(4.39864e-12, 0.154525, 5.89811e-06)
bones/3/rotation = Quaternion(-0.0643876, 2.15925e-07, -1.5158e-07, 0.997925)
bones/3/scale = Vector3(1, 1, 1)
bones/4/rest = Transform3D(0.999899, -0.00298096, 0.0138743, 0.00796632, 0.927011, -0.374948, -0.0117439, 0.375021, 0.926942, -5.68434e-14, 0.185403, 2.23518e-08)
bones/4/position = Vector3(1.3666e-08, 0.197823, 0.0017134)
bones/4/rotation = Quaternion(0.191014, 0.00652485, 0.00278823, 0.981562)
bones/4/scale = Vector3(1, 1, 1)
bones/5/rest = Transform3D(1, -7.49578e-07, -1.79695e-08, 7.37557e-07, 0.979085, 0.20345, -1.34908e-07, -0.20345, 0.979085, -4.79701e-12, 0.09924, 2.4743e-06)
bones/5/position = Vector3(-4.79701e-12, 0.09924, 2.4743e-06)
bones/5/rotation = Quaternion(-0.102261, 2.93887e-08, 3.73743e-07, 0.994758)
bones/5/scale = Vector3(1, 1, 1)
bones/6/rest = Transform3D(0.469777, -0.882608, 0.0177005, -0.354195, -0.170082, 0.919575, -0.808613, -0.438265, -0.392516, -7.25277e-08, 0.202391, -0.241136)
bones/6/position = Vector3(-7.25277e-08, 0.202391, -0.241136)
bones/6/rotation = Quaternion(0.712807, -0.433779, -0.277394, -0.47623)
bones/6/scale = Vector3(1, 1, 1)
bones/7/rest = Transform3D(0.829168, 0.547287, -0.113828, -0.55165, 0.834033, -0.00838778, 0.0903457, 0.069748, 0.993465, -5.21541e-08, 0.0889291, -9.60426e-08)
bones/7/position = Vector3(-5.21541e-08, 0.0889291, -9.60426e-08)
bones/7/rotation = Quaternion(0.0204304, -0.0533859, -0.287343, 0.956121)
bones/7/scale = Vector3(1, 0.999999, 1)
bones/8/rest = Transform3D(0.996073, 0.0707614, -0.0532152, -0.0690958, 0.99708, 0.0325159, 0.0553607, -0.0287112, 0.998054, -1.49012e-08, 0.117215, -8.2422e-08)
bones/8/position = Vector3(-1.49012e-08, 0.117215, -8.2422e-08)
bones/8/rotation = Quaternion(-0.0153236, -0.0271739, -0.0350028, 0.9989)
bones/9/rest = Transform3D(0.467982, 0.882608, -0.0446789, 0.406475, -0.170081, 0.897692, 0.784711, -0.438264, -0.438353, -0.00848997, 0.202391, -0.241136)
bones/9/position = Vector3(-0.00848997, 0.202391, -0.241136)
bones/9/rotation = Quaternion(0.720489, 0.447295, 0.256781, -0.463559)
bones/10/rest = Transform3D(0.824033, -0.542372, 0.163713, 0.551558, 0.834033, -0.0131045, -0.129435, 0.101096, 0.986421, -3.72529e-09, 0.0889291, 7.35745e-08)
bones/10/position = Vector3(-3.72529e-09, 0.0889291, 7.35745e-08)
bones/10/rotation = Quaternion(0.0299102, 0.0767785, 0.286511, 0.954527)
bones/10/scale = Vector3(1, 0.999999, 1)
bones/11/rest = Transform3D(0.981889, -0.071004, 0.175648, 0.0649051, 0.99708, 0.0402343, -0.177992, -0.0281051, 0.983631, -3.72529e-08, 0.117215, 9.94187e-08)
bones/11/position = Vector3(-3.72529e-08, 0.117215, 9.94187e-08)
bones/11/rotation = Quaternion(-0.0171653, 0.0888263, 0.0341373, 0.995314)
bones/11/scale = Vector3(1, 1, 1)
bones/12/rest = Transform3D(0.446774, 0.881745, 0.15139, -0.147362, -0.0943769, 0.98457, 0.882427, -0.462189, 0.0877706, 0.0721957, 0.029453, 0.0890092)
bones/12/position = Vector3(0.0721957, 0.029453, 0.0890092)
bones/12/rotation = Quaternion(-0.602781, -0.304581, -0.42877, 0.600035)
bones/12/scale = Vector3(1, 1, 1)
bones/13/rest = Transform3D(0.621373, 0.327704, 0.711692, -0.0481136, 0.922577, -0.3828, -0.782036, 0.20362, 0.589032, -3.41142e-06, 0.243814, -1.14904e-05)
bones/13/position = Vector3(-3.41142e-06, 0.243814, -1.14904e-05)
bones/13/rotation = Quaternion(-0.353595, -0.0486008, -0.101702, 0.928582)
bones/13/scale = Vector3(1, 1, 1)
bones/14/rest = Transform3D(1, 4.09782e-08, 4.47035e-08, -4.09782e-08, 1, 8.00937e-08, -4.47035e-08, -8.00937e-08, 1, 4.14439e-06, -5.72994e-06, 2.18552e-05)
bones/14/position = Vector3(4.14439e-06, -5.72994e-06, 2.18552e-05)
bones/14/rotation = Quaternion(-5.82077e-08, 1.67638e-08, -1.67638e-08, 1)
bones/14/scale = Vector3(1, 1, 1)
bones/15/rest = Transform3D(0.848691, 0.528889, -4.44006e-07, -0.528889, 0.848691, -3.47531e-07, 1.93019e-07, 5.29776e-07, 1, 3.06833e-06, 0.220067, 2.85339e-05)
bones/15/position = Vector3(3.06833e-06, 0.220067, 2.85339e-05)
bones/15/rotation = Quaternion(2.23007e-07, -1.69993e-07, -0.275054, 0.961429)
bones/15/scale = Vector3(1, 1, 1)
bones/16/rest = Transform3D(0.88987, 1.80171e-07, 0.456213, 5.0817e-09, 1, -4.04838e-07, -0.456213, 3.62572e-07, 0.88987, 8.10251e-08, 0.133903, -1.95578e-08)
bones/16/position = Vector3(8.10251e-08, 0.133903, -1.95578e-08)
bones/16/rotation = Quaternion(1.97364e-07, 0.234659, -4.50296e-08, 0.972078)
bones/16/scale = Vector3(0.999999, 1, 0.999999)
bones/17/rest = Transform3D(0.889737, -0.00319447, 0.456461, -0.0172855, 0.999022, 0.0406845, -0.456145, -0.0440887, 0.888812, 4.84288e-08, 0.267805, -2.42144e-08)
bones/17/position = Vector3(4.84288e-08, 0.267805, -2.42144e-08)
bones/17/rotation = Quaternion(-0.0218083, 0.234773, -0.00362499, 0.971799)
bones/17/scale = Vector3(0.999999, 0.999999, 0.999999)
bones/18/rest = Transform3D(0.446774, -0.881745, -0.151391, 0.147364, -0.0943769, 0.984569, -0.882427, -0.462189, 0.0877723, -0.072197, 0.0294536, 0.0890055)
bones/18/position = Vector3(-0.072197, 0.0294536, 0.0890055)
bones/18/rotation = Quaternion(-0.602781, 0.30458, 0.42877, 0.600035)
bones/18/scale = Vector3(1, 1, 1)
bones/19/rest = Transform3D(0.61357, -0.303834, -0.728846, 0.0615092, 0.938596, -0.339491, 0.787241, 0.163471, 0.594582, -2.08311e-08, 0.292574, -8.77772e-08)
bones/19/position = Vector3(-2.08311e-08, 0.292574, -8.77772e-08)
bones/19/rotation = Quaternion(0.141767, -0.42733, 0.102977, 0.886954)
bones/19/scale = Vector3(1, 1, 0.999999)
bones/20/rest = Transform3D(1, -1.15484e-07, -3.05474e-07, 1.15484e-07, 1, -6.34231e-07, 3.05474e-07, 6.34231e-07, 1, 1.19954e-06, 1.27869e-05, 1.13296e-06)
bones/20/position = Vector3(1.19954e-06, 1.27869e-05, 1.13296e-06)
bones/20/rotation = Quaternion(3.17116e-07, -1.52737e-07, 5.7742e-08, 1)
bones/20/scale = Vector3(1, 1, 1)
bones/21/rest = Transform3D(0.84869, -0.52889, -5.94524e-07, 0.52889, 0.84869, -7.25247e-07, 8.88142e-07, 3.01072e-07, 1, -1.91616e-06, 0.220086, 1.13277e-05)
bones/21/position = Vector3(-1.91616e-06, 0.220086, 1.13277e-05)
bones/21/rotation = Quaternion(2.66873e-07, -3.85537e-07, 0.275054, 0.961429)
bones/22/rest = Transform3D(0.889871, 7.96831e-08, -0.456213, 8.71336e-08, 1, 3.44622e-07, 0.456213, -3.4642e-07, 0.889871, -3.07336e-08, 0.133903, 1.70432e-07)
bones/22/position = Vector3(-3.07336e-08, 0.133903, 1.70432e-07)
bones/22/rotation = Quaternion(-1.77723e-07, -0.234659, 1.91611e-09, 0.972078)
bones/22/scale = Vector3(1, 1, 1)
bones/23/rest = Transform3D(0.889738, 0.003195, -0.456461, 0.0172858, 0.999023, 0.0406863, 0.456145, -0.0440904, 0.888813, -9.68575e-08, 0.267805, -4.84288e-08)
bones/23/position = Vector3(-9.68575e-08, 0.267805, -4.84288e-08)
bones/23/rotation = Quaternion(-0.0218092, -0.234772, 0.00362493, 0.971799)
bones/23/scale = Vector3(1, 1, 1)
bones/24/rest = Transform3D(0.368834, 0.122427, 0.9214, 0.0209332, -0.992131, 0.123446, 0.929281, -0.0262426, -0.368487, 0.168477, -8.64653e-06, -0.000235289)
bones/24/position = Vector3(0.168477, -8.64653e-06, -0.000235289)
bones/24/rotation = Quaternion(0.649588, 0.528845, 0.450216, 0.309296)
bones/24/scale = Vector3(1.00002, 1, 1)
bones/25/rest = Transform3D(0.990702, -0.13605, 9.34657e-07, 0.13605, 0.990702, -2.38618e-06, -6.01327e-07, 2.49115e-06, 1, -1.69966e-08, 0.164137, -6.1933e-08)
bones/25/position = Vector3(-1.69966e-08, 0.164137, -6.1933e-08)
bones/25/rotation = Quaternion(-0.011221, 0.086269, 0.697659, 0.711128)
bones/25/scale = Vector3(1, 1, 1)
bones/26/rest = Transform3D(-0.344139, 0.774042, 0.531438, -0.0465479, 0.55125, -0.83304, -0.937764, -0.311419, -0.153677, -0.0414817, 0.154147, 0.0230306)
bones/26/position = Vector3(-0.00781621, 0.161313, 0.00313831)
bones/26/rotation = Quaternion(0.380287, 0.570626, -0.58566, 0.432169)
bones/26/scale = Vector3(1, 1, 1)
bones/27/rest = Transform3D(-1, 1.96342e-07, 1.80359e-06, -9.8553e-08, 0.98678, -0.162065, -1.81157e-06, -0.162065, -0.98678, 6.0536e-09, 0.250972, 8.84756e-09)
bones/27/position = Vector3(6.0536e-09, 0.250972, 8.84756e-09)
bones/27/rotation = Quaternion(2.45284e-08, 0.99669, -0.0813017, 9.06793e-07)
bones/27/scale = Vector3(1, 1, 1)
bones/28/rest = Transform3D(1, 3.35276e-08, 6.42613e-08, -3.35276e-08, 1, -1.08033e-07, -6.42613e-08, 1.08033e-07, 1, 9.31323e-10, 0.0799912, -1.81608e-08)
bones/28/position = Vector3(9.31323e-10, 0.0799912, -1.81608e-08)
bones/28/rotation = Quaternion(5.40165e-08, 3.21307e-08, -1.67638e-08, 1)
bones/28/scale = Vector3(1, 1, 1)
bones/29/rotation = Quaternion(-9.58177e-08, -0.229241, 9.16328e-08, 0.97337)
bones/30/rest = Transform3D(0.36886, -0.122427, -0.921388, -0.0209355, -0.992131, 0.123446, -0.929255, -0.0262443, -0.368518, -0.168466, -3.39317e-06, 0.000235811)
bones/30/position = Vector3(-0.168466, -3.39317e-06, 0.000235811)
bones/30/rotation = Quaternion(0.826745, -0.09437, -0.553774, 0.0303496)
bones/30/scale = Vector3(1.00001, 1, 1)
bones/31/rest = Transform3D(0.990702, 0.136049, -4.24844e-07, -0.136049, 0.990702, -5.02874e-06, -2.63261e-07, 5.03978e-06, 1, -9.42964e-09, 0.164137, 4.60423e-08)
bones/31/position = Vector3(-9.42964e-09, 0.164137, 4.60423e-08)
bones/31/rotation = Quaternion(0.0727005, -0.0187364, -0.24447, 0.966746)
bones/31/scale = Vector3(1, 1, 1)
bones/32/rest = Transform3D(-0.344154, -0.774074, -0.531383, 0.0465575, 0.55119, -0.83308, 0.937758, -0.311448, -0.153655, 0.0412739, 0.153885, 0.0229307)
bones/32/position = Vector3(0.0167946, 0.145147, 0.0134541)
bones/32/rotation = Quaternion(0.380278, -0.57063, 0.585665, 0.432165)
bones/32/scale = Vector3(1, 1, 1)
bones/33/rest = Transform3D(-1, 9.58493e-07, -7.05385e-07, 1.06014e-06, 0.98678, -0.162065, 5.40722e-07, -0.162065, -0.98678, 6.51926e-09, 0.25097, -1.94414e-08)
bones/33/position = Vector3(6.51926e-09, 0.25097, -1.94414e-08)
bones/33/rotation = Quaternion(5.06334e-07, 0.99669, -0.0813017, -3.12562e-07)
bones/33/scale = Vector3(1, 1, 1)
bones/35/rest = Transform3D(1, 7.45058e-09, -4.92437e-08, -7.45058e-09, 1, -5.58794e-08, 4.92437e-08, 5.58794e-08, 1, -1.86265e-09, -4.23752e-08, 2.35159e-08)
bones/35/position = Vector3(-1.86265e-09, -4.23752e-08, 2.35159e-08)
bones/35/rotation = Quaternion(2.79397e-08, -2.46218e-08, -3.72529e-09, 1)
bones/35/scale = Vector3(1, 1, 1)
script = ExtResource("1_wbk7d")

[node name="Head" type="BoneAttachment3D" parent="root/Skeleton3D" index="6"]
transform = Transform3D(-0.0125525, 0.0687773, 0.997553, 0.00662086, 0.997616, -0.0686983, -0.999899, 0.00574232, -0.012978, 0.00103244, 1.15064, 0.000295911)
bone_name = "head.x"
bone_idx = 5

[node name="Physical Bone root_x" type="PhysicalBone3D" parent="root/Skeleton3D" index="7"]
transform = Transform3D(-1.74735e-05, 1.00442, -0.02156, 5.25635e-07, -0.0215706, -1.00457, -0.999973, -1.70615e-05, -1.33738e-07, -0.00500062, 0.690272, 3.02972e-08)
collision_layer = 256
collision_mask = 256
joint_offset = Transform3D(1, 0, 0, 0, 1, 0, 0, 0, 1, -3.38083e-07, 0.0178941, 0.354046)
body_offset = Transform3D(0.999973, 1.04323e-05, 1.20257e-06, 2.41736e-06, -0.111065, -0.99864, -1.07443e-05, 0.998494, -0.111067, -2.74368e-07, 0.355552, 0.0214558)
gravity_scale = 0.0
angular_damp = 16.0
bone_name = "root.x"

[node name="CollisionShape3D" type="CollisionShape3D" parent="root/Skeleton3D/Physical Bone root_x" index="0"]
transform = Transform3D(1, 0, 0, 0, 0, 1, 0, -1, 0, 0, 0, 0)
shape = SubResource("CapsuleShape3D_bdt4x")

[node name="Physical Bone spine_01_x" type="PhysicalBone3D" parent="root/Skeleton3D" index="8"]
transform = Transform3D(-0.716248, 0.70127, 0.041587, 0.49122, 0.541584, -0.68119, -0.495856, -0.469945, -0.73438, -0.0158343, 0.7682, 0.206986)
collision_layer = 256
collision_mask = 256
joint_type = 1
joint_offset = Transform3D(1, 0, 0, 0, 1, 0, 0, 0, 1, -0.0206327, -0.0389544, 0.32071)
body_offset = Transform3D(0.495855, 0.469945, 0.73438, 0.46545, 0.56617, -0.679281, -0.733256, 0.681576, 0.065774, -0.206986, 0.24951, -0.00967306)
gravity_scale = 0.0
angular_damp = 16.0
bone_name = "spine_01.x"
joint_constraints/bias = 0.3
joint_constraints/damping = 1.0
joint_constraints/impulse_clamp = 0.0

[node name="CollisionShape3D" type="CollisionShape3D" parent="root/Skeleton3D/Physical Bone spine_01_x" index="0"]
transform = Transform3D(1, 0, 0, 0, 0, 1, 0, -1, 0, 0, 0, 0)
shape = SubResource("CapsuleShape3D_rcvrg")

[node name="Physical Bone spine_02_x" type="PhysicalBone3D" parent="root/Skeleton3D" index="9"]
transform = Transform3D(-0.712272, 0.692436, 0.0942148, 0.483013, 0.587002, -0.649641, -0.5, -0.41647, -0.738348, -0.0250128, 0.881657, 0.329174)
collision_layer = 256
collision_mask = 256
joint_type = 1
joint_offset = Transform3D(1, 0, 0, 0, 1, 0, 0, 0, 1, 0.0719557, 0.0475623, 0.37027)
body_offset = Transform3D(0.5, 0.41647, 0.738348, 0.470013, 0.599465, -0.647825, -0.720916, 0.681675, 0.105983, -0.329174, 0.177538, -0.0197903)
gravity_scale = 0.0
angular_damp = 16.0
bone_name = "spine_02.x"
joint_constraints/bias = 0.3
joint_constraints/damping = 1.0
joint_constraints/impulse_clamp = 0.0

[node name="CollisionShape3D" type="CollisionShape3D" parent="root/Skeleton3D/Physical Bone spine_02_x" index="0"]
transform = Transform3D(1, 0, 0, 0, 0, 1, 0, -1, 0, 0, 0, 0)
shape = SubResource("CapsuleShape3D_38uhh")

[node name="Physical Bone spine_03_x" type="PhysicalBone3D" parent="root/Skeleton3D" index="10"]
transform = Transform3D(-0.715935, 0.679624, 0.182429, 0.476518, 0.654041, -0.5694, -0.506484, -0.319598, -0.803861, -0.0491935, 0.991879, 0.46336)
collision_layer = 256
collision_mask = 256
joint_type = 1
joint_offset = Transform3D(1, 0, 0, 0, 1, 0, 0, 0, 1, 0.139178, 0.0890144, 0.453337)
body_offset = Transform3D(0.506485, 0.319598, 0.803861, 0.55271, 0.574938, -0.586072, -0.658896, 0.747733, 0.118395, -0.46336, 0.137585, -0.0285281)
gravity_scale = 0.0
angular_damp = 16.0
bone_name = "spine_03.x"
joint_constraints/bias = 0.3
joint_constraints/damping = 1.0
joint_constraints/impulse_clamp = 0.0

[node name="CollisionShape3D" type="CollisionShape3D" parent="root/Skeleton3D/Physical Bone spine_03_x" index="0"]
transform = Transform3D(1, 0, 0, 0, 0, 1, 0, -1, 0, 0, 0, 0)
shape = SubResource("CapsuleShape3D_7024q")

[node name="Physical Bone neck_x" type="PhysicalBone3D" parent="root/Skeleton3D" index="11"]
transform = Transform3D(-0.626966, 0.646388, -0.426506, 0.457123, -0.138084, -0.871147, -0.627195, -0.748076, -0.207646, -0.0330031, 1.17116, 0.532579)
collision_layer = 256
collision_mask = 256
joint_type = 1
joint_offset = Transform3D(1, 0, 0, 0, 1, 0, 0, 0, 1, 0.277507, 0.420358, 0.21223)
body_offset = Transform3D(0.638028, 0.738973, 0.207212, 0.268773, 0.0395387, -0.954617, -0.718402, 0.669969, -0.172308, -0.531667, 0.111392, -0.0456961)
gravity_scale = 0.0
angular_damp = 16.0
bone_name = "neck.x"
joint_constraints/bias = 0.3
joint_constraints/damping = 1.0
joint_constraints/impulse_clamp = 0.0

[node name="CollisionShape3D" type="CollisionShape3D" parent="root/Skeleton3D/Physical Bone neck_x" index="0"]
transform = Transform3D(1, 0, 0, 0, 0, 1, 0, -1, 0, 0, 0, 0)
shape = SubResource("CapsuleShape3D_14lvf")

[node name="Physical Bone head_x" type="PhysicalBone3D" parent="root/Skeleton3D" index="12"]
transform = Transform3D(-0.628544, 0.686302, 0.367021, 0.457856, 0.708498, -0.538685, -0.628107, -0.170239, -0.759752, -0.0731659, 1.29096, 0.65446)
collision_layer = 256
collision_mask = 256
joint_type = 1
joint_offset = Transform3D(1, 0, 0, 0, 1, 0, 0, 0, 1, 0.300312, 0.0630177, 0.598627)
body_offset = Transform3D(0.638965, 0.166298, 0.751502, 0.409928, 0.753033, -0.51652, -0.650308, 0.638159, 0.412989, -0.652238, 0.138643, -0.0921465)
gravity_scale = 0.0
angular_damp = 16.0
bone_name = "head.x"
joint_constraints/bias = 0.3
joint_constraints/damping = 1.0
joint_constraints/impulse_clamp = 0.0

[node name="CollisionShape3D" type="CollisionShape3D" parent="root/Skeleton3D/Physical Bone head_x" index="0"]
transform = Transform3D(1, 0, 0, 0, 0, 1, 0, -1, 0, 0, 0, 0)
shape = SubResource("CapsuleShape3D_clro6")

[node name="Physical Bone band_attach_r" type="PhysicalBone3D" parent="root/Skeleton3D" index="13"]
transform = Transform3D(-0.98098, -0.0273191, -0.187955, -0.134078, 0.807612, 0.572772, 0.138311, 0.587897, -0.795435, -0.121467, 1.35341, 0.810032)
collision_layer = 256
collision_mask = 256
joint_type = 1
joint_offset = Transform3D(1, 0, 0, 0, 1, 0, 0, 0, 1, -0.00980947, -0.45869, 0.671866)
body_offset = Transform3D(0.796688, -0.48631, 0.355418, 0.571694, 0.416124, -0.706733, 0.194638, 0.767431, 0.608537, -0.454044, 0.67131, -0.0549334)
gravity_scale = 0.0
angular_damp = 16.0
bone_name = "band_attach.r"
joint_constraints/bias = 0.3
joint_constraints/damping = 1.0
joint_constraints/impulse_clamp = 0.0

[node name="CollisionShape3D" type="CollisionShape3D" parent="root/Skeleton3D/Physical Bone band_attach_r" index="0"]
transform = Transform3D(1, 0, 0, 0, 0, 1, 0, -1, 0, 0, 0, 0)
shape = SubResource("CapsuleShape3D_bgdk6")

[node name="Physical Bone band_top_r" type="PhysicalBone3D" parent="root/Skeleton3D" index="14"]
transform = Transform3D(-0.93681, 0.0824325, 0.391413, 0.284389, 0.83889, 0.505427, -0.277665, 0.574666, -0.798552, -0.139898, 1.31071, 0.902756)
collision_layer = 256
collision_mask = 256
joint_type = 1
joint_offset = Transform3D(1, 0, 0, 0, 1, 0, 0, 0, 1, 0.346325, -0.424661, 0.59992)
body_offset = Transform3D(0.671496, -0.607283, 0.46827, 0.595769, 0.0283562, -0.829599, 0.479312, 0.819253, 0.372606, -0.77137, 0.303406, -0.0416273)
gravity_scale = 0.0
angular_damp = 16.0
bone_name = "band_top.r"
joint_constraints/bias = 0.3
joint_constraints/damping = 1.0
joint_constraints/impulse_clamp = 0.0

[node name="CollisionShape3D" type="CollisionShape3D" parent="root/Skeleton3D/Physical Bone band_top_r" index="0"]
transform = Transform3D(1, 0, 0, 0, 0, 1, 0, -1, 0, 0, 0, 0)
shape = SubResource("CapsuleShape3D_lnkvy")

[node name="Physical Bone band_attach_l" type="PhysicalBone3D" parent="root/Skeleton3D" index="15"]
transform = Transform3D(0.391331, -0.0284889, 0.91865, 0.607985, 0.759222, -0.234313, -0.691325, 0.652747, 0.311238, -0.16635, 1.39344, 0.773193)
collision_layer = 256
collision_mask = 256
joint_type = 1
joint_offset = Transform3D(1, 0, 0, 0, 1, 0, 0, 0, 1, 0.487292, -0.511168, -0.287805)
body_offset = Transform3D(0.859543, -0.0642034, 0.508203, 0.345548, -0.661409, -0.664424, 0.377488, 0.749483, -0.544021, -0.305404, -0.697698, 0.0425928)
gravity_scale = 0.0
angular_damp = 16.0
bone_name = "band_attach.l"
joint_constraints/bias = 0.3
joint_constraints/damping = 1.0
joint_constraints/impulse_clamp = 0.0

[node name="CollisionShape3D" type="CollisionShape3D" parent="root/Skeleton3D/Physical Bone band_attach_l" index="0"]
transform = Transform3D(1, 0, 0, 0, 0, 1, 0, -1, 0, 0, 0, 0)
shape = SubResource("CapsuleShape3D_bdqym")

[node name="Physical Bone band_top_l" type="PhysicalBone3D" parent="root/Skeleton3D" index="16"]
transform = Transform3D(-0.186035, 0.0491512, 1.00825, 0.548053, 0.866812, 0.0593366, -0.848291, 0.547087, -0.187507, -0.265364, 1.38376, 0.768555)
collision_layer = 256
collision_mask = 256
joint_type = 1
joint_offset = Transform3D(1, 0, 0, 0, 1, 0, 0, 0, 1, 0.657103, -0.455898, 0.14245)
body_offset = Transform3D(0.718291, -0.37519, 0.633362, 0.441734, -0.480802, -0.789803, 0.586088, 0.825315, -0.174114, -0.733262, -0.396955, 0.0159421)
gravity_scale = 0.0
angular_damp = 16.0
bone_name = "band_top.l"
joint_constraints/bias = 0.3
joint_constraints/damping = 1.0
joint_constraints/impulse_clamp = 0.0

[node name="CollisionShape3D" type="CollisionShape3D" parent="root/Skeleton3D/Physical Bone band_top_l" index="0"]
transform = Transform3D(1, 0, 0, 0, 0, 1, 0, -1, 0, 0, 0, 0)
shape = SubResource("CapsuleShape3D_dxnhe")

[node name="Physical Bone shoulder_l" type="PhysicalBone3D" parent="root/Skeleton3D" index="17"]
transform = Transform3D(-0.0427284, -0.18744, 0.98022, 0.642038, 0.746483, 0.171013, -0.764858, 0.637854, 0.0883238, -0.159042, 0.96936, 0.385911)
collision_layer = 256
collision_mask = 256
joint_type = 1
joint_offset = Transform3D(1, 0, 0, 0, 1, 0, 0, 0, 1, 0.293974, -0.390827, 0.181509)
body_offset = Transform3D(0.27212, -0.48896, 0.827805, 0.60058, -0.58642, -0.542704, 0.751199, 0.645181, 0.134497, -0.421348, -0.307238, 0.00690871)
gravity_scale = 0.0
angular_damp = 16.0
bone_name = "shoulder.l"
