[gd_scene load_steps=97 format=3 uid="uid://bryply5pm5nlg"]

[ext_resource type="Script" path="res://Scripts/PlayerSkeleton.gd" id="1_wbk7d"]
[ext_resource type="PackedScene" uid="uid://c0hc88bv6i8f3" path="res://Assets/Models/LevelObjects/Entities/Player/Player.blend" id="1_yr3ub"]
[ext_resource type="Script" path="res://Scripts/Players/PlayerModel.gd" id="2_oqrot"]
[ext_resource type="AudioStream" uid="uid://btxrdugeymdpx" path="res://Assets/Sounds/sfx/Hit.mp3" id="4_52v3t"]

[sub_resource type="CapsuleShape3D" id="CapsuleShape3D_bdt4x"]
radius = 0.0185403
height = 0.185403

[sub_resource type="CapsuleShape3D" id="CapsuleShape3D_rcvrg"]
radius = 0.0185403
height = 0.185403

[sub_resource type="CapsuleShape3D" id="CapsuleShape3D_38uhh"]
radius = 0.0154525
height = 0.154525

[sub_resource type="CapsuleShape3D" id="CapsuleShape3D_7024q"]
radius = 0.0185403
height = 0.185403

[sub_resource type="CapsuleShape3D" id="CapsuleShape3D_14lvf"]
radius = 0.009924
height = 0.09924

[sub_resource type="CapsuleShape3D" id="CapsuleShape3D_clro6"]
radius = 0.0314815
height = 0.314815

[sub_resource type="CapsuleShape3D" id="CapsuleShape3D_bgdk6"]
radius = 0.00889291
height = 0.0889291

[sub_resource type="CapsuleShape3D" id="CapsuleShape3D_lnkvy"]
radius = 0.0117215
height = 0.117215

[sub_resource type="CapsuleShape3D" id="CapsuleShape3D_bdqym"]
radius = 0.00889291
height = 0.0889291

[sub_resource type="CapsuleShape3D" id="CapsuleShape3D_dxnhe"]
radius = 0.0117215
height = 0.117215

[sub_resource type="CapsuleShape3D" id="CapsuleShape3D_el4kq"]
radius = 0.0243814
height = 0.243814

[sub_resource type="CapsuleShape3D" id="CapsuleShape3D_6a0ua"]
radius = 2.29708e-06
height = 2.29708e-05

[sub_resource type="CapsuleShape3D" id="CapsuleShape3D_jogoa"]
radius = 0.0133903
height = 0.133903

[sub_resource type="CapsuleShape3D" id="CapsuleShape3D_yjr2x"]
radius = 0.0292574
height = 0.292574

[sub_resource type="CapsuleShape3D" id="CapsuleShape3D_wmw2s"]
radius = 1.28929e-06
height = 1.28929e-05

[sub_resource type="CapsuleShape3D" id="CapsuleShape3D_8g20t"]
radius = 0.0133903
height = 0.133903

[sub_resource type="CapsuleShape3D" id="CapsuleShape3D_0443i"]
radius = 0.0164137
height = 0.164137

[sub_resource type="CapsuleShape3D" id="CapsuleShape3D_q4aa5"]
radius = 0.0161284
height = 0.161284

[sub_resource type="CapsuleShape3D" id="CapsuleShape3D_2kn4l"]
radius = 0.0250972
height = 0.250972

[sub_resource type="CapsuleShape3D" id="CapsuleShape3D_w3jdd"]
radius = 0.0164137
height = 0.164137

[sub_resource type="CapsuleShape3D" id="CapsuleShape3D_om0r0"]
radius = 0.0160966
height = 0.160966

[sub_resource type="CapsuleShape3D" id="CapsuleShape3D_ybwe5"]
radius = 0.025097
height = 0.25097

[sub_resource type="AnimationNodeAdd2" id="AnimationNodeAdd2_6olxp"]

[sub_resource type="AnimationNodeAnimation" id="AnimationNodeAnimation_6eu5d"]
animation = &"Land"

[sub_resource type="AnimationNodeAnimation" id="AnimationNodeAnimation_50wh4"]
animation = &"Idle"

[sub_resource type="AnimationNodeAnimation" id="AnimationNodeAnimation_0ktk1"]
animation = &"Swim"

[sub_resource type="AnimationNodeAnimation" id="AnimationNodeAnimation_4435m"]
animation = &"SwimIdle"

[sub_resource type="AnimationNodeAnimation" id="AnimationNodeAnimation_542aa"]
animation = &"Idle"

[sub_resource type="AnimationNodeAnimation" id="AnimationNodeAnimation_u7nvj"]
animation = &"Run"

[sub_resource type="AnimationNodeAnimation" id="AnimationNodeAnimation_g6wpn"]
animation = &"Default"

[sub_resource type="AnimationNodeAnimation" id="AnimationNodeAnimation_5gph2"]
animation = &"Run"

[sub_resource type="AnimationNodeAnimation" id="AnimationNodeAnimation_i8th6"]
animation = &"Jump"

[sub_resource type="AnimationNodeAnimation" id="AnimationNodeAnimation_x0rp6"]
animation = &"Fall"

[sub_resource type="AnimationNodeAnimation" id="AnimationNodeAnimation_p8367"]
animation = &"Idle"

[sub_resource type="AnimationNodeTimeScale" id="AnimationNodeTimeScale_7l1es"]

[sub_resource type="AnimationNodeBlend2" id="AnimationNodeBlend2_mjjyp"]

[sub_resource type="AnimationNodeBlend3" id="AnimationNodeBlend3_ayar2"]

[sub_resource type="AnimationNodeBlendTree" id="AnimationNodeBlendTree_2m0ar"]
graph_offset = Vector2(-529.149, -10.547)
nodes/Animation/node = SubResource("AnimationNodeAnimation_p8367")
nodes/Animation/position = Vector2(-540, 40)
"nodes/Animation 2/node" = SubResource("AnimationNodeAnimation_5gph2")
"nodes/Animation 2/position" = Vector2(-660, 220)
"nodes/Animation 3/node" = SubResource("AnimationNodeAnimation_i8th6")
"nodes/Animation 3/position" = Vector2(100, 280)
"nodes/Animation 4/node" = SubResource("AnimationNodeAnimation_x0rp6")
"nodes/Animation 4/position" = Vector2(100, 40)
nodes/TimeScale/node = SubResource("AnimationNodeTimeScale_7l1es")
nodes/TimeScale/position = Vector2(-405.9, 215.6)
nodes/output/position = Vector2(620, 180)
nodes/speed/node = SubResource("AnimationNodeBlend2_mjjyp")
nodes/speed/position = Vector2(-92.2383, 142.018)
nodes/vertical/node = SubResource("AnimationNodeBlend3_ayar2")
nodes/vertical/position = Vector2(276.768, 115.076)
node_connections = [&"output", 0, &"vertical", &"TimeScale", 0, &"Animation 2", &"speed", 0, &"Animation", &"speed", 1, &"TimeScale", &"vertical", 0, &"Animation 4", &"vertical", 1, &"speed", &"vertical", 2, &"Animation 3"]

[sub_resource type="AnimationNodeAnimation" id="AnimationNodeAnimation_1ulf2"]
animation = &"RunArms"

[sub_resource type="AnimationNodeAnimation" id="AnimationNodeAnimation_7uloj"]
animation = &"Strike"

[sub_resource type="AnimationNodeAnimation" id="AnimationNodeAnimation_3qilg"]
animation = &"JumpTop"

[sub_resource type="AnimationNodeAnimation" id="AnimationNodeAnimation_bxioo"]
animation = &"FallTop"

[sub_resource type="AnimationNodeAnimation" id="AnimationNodeAnimation_dt6cg"]
animation = &"IdleTop001"

[sub_resource type="AnimationNodeTimeScale" id="AnimationNodeTimeScale_yr16x"]

[sub_resource type="AnimationNodeTimeScale" id="AnimationNodeTimeScale_p1ayl"]

[sub_resource type="AnimationNodeBlend2" id="AnimationNodeBlend2_oq0cl"]

[sub_resource type="AnimationNodeAnimation" id="AnimationNodeAnimation_fkln7"]
animation = &"Aim"

[sub_resource type="AnimationNodeAnimation" id="AnimationNodeAnimation_x0p0m"]
animation = &"Release"

[sub_resource type="AnimationNodeStateMachineTransition" id="AnimationNodeStateMachineTransition_584ir"]

[sub_resource type="AnimationNodeStateMachineTransition" id="AnimationNodeStateMachineTransition_lk6kg"]

[sub_resource type="AnimationNodeStateMachineTransition" id="AnimationNodeStateMachineTransition_0tqhc"]

[sub_resource type="AnimationNodeStateMachine" id="AnimationNodeStateMachine_gveya"]
states/Aim/node = SubResource("AnimationNodeAnimation_fkln7")
states/Aim/position = Vector2(449, 100)
states/Release/node = SubResource("AnimationNodeAnimation_x0p0m")
states/Release/position = Vector2(693, 100)
states/Start/position = Vector2(223, 100)
transitions = ["Start", "Aim", SubResource("AnimationNodeStateMachineTransition_584ir"), "Aim", "Release", SubResource("AnimationNodeStateMachineTransition_lk6kg"), "Release", "Aim", SubResource("AnimationNodeStateMachineTransition_0tqhc")]

[sub_resource type="AnimationNodeBlend2" id="AnimationNodeBlend2_dtlo4"]

[sub_resource type="AnimationNodeBlend2" id="AnimationNodeBlend2_15kxu"]

[sub_resource type="AnimationNodeTimeSeek" id="AnimationNodeTimeSeek_5d7qv"]

[sub_resource type="AnimationNodeBlend3" id="AnimationNodeBlend3_gli1j"]

[sub_resource type="AnimationNodeBlendTree" id="AnimationNodeBlendTree_a0vwq"]
graph_offset = Vector2(-289.808, -59.8758)
nodes/Animation/node = SubResource("AnimationNodeAnimation_dt6cg")
nodes/Animation/position = Vector2(-800, 40)
"nodes/Animation 2/node" = SubResource("AnimationNodeAnimation_1ulf2")
"nodes/Animation 2/position" = Vector2(-980, 180)
"nodes/Animation 3/node" = SubResource("AnimationNodeAnimation_7uloj")
"nodes/Animation 3/position" = Vector2(-520, 540)
"nodes/Animation 4/node" = SubResource("AnimationNodeAnimation_3qilg")
"nodes/Animation 4/position" = Vector2(-380, 360)
"nodes/Animation 5/node" = SubResource("AnimationNodeAnimation_bxioo")
"nodes/Animation 5/position" = Vector2(-280, 0)
nodes/TimeScale/node = SubResource("AnimationNodeTimeScale_p1ayl")
nodes/TimeScale/position = Vector2(-704.506, 224.557)
"nodes/TimeScale 2/node" = SubResource("AnimationNodeTimeScale_yr16x")
"nodes/TimeScale 2/position" = Vector2(-300, 540)
nodes/aim/node = SubResource("AnimationNodeBlend2_oq0cl")
nodes/aim/position = Vector2(300, 0)
nodes/aimingstatemachine/node = SubResource("AnimationNodeStateMachine_gveya")
nodes/aimingstatemachine/position = Vector2(-120, 280)
nodes/output/position = Vector2(920, 160)
nodes/speed/node = SubResource("AnimationNodeBlend2_dtlo4")
nodes/speed/position = Vector2(-433.502, 120.852)
nodes/strike/node = SubResource("AnimationNodeBlend2_15kxu")
nodes/strike/position = Vector2(580, 140)
nodes/strikestart/node = SubResource("AnimationNodeTimeSeek_5d7qv")
nodes/strikestart/position = Vector2(-80, 500)
nodes/vertical/node = SubResource("AnimationNodeBlend3_gli1j")
nodes/vertical/position = Vector2(-80, 60)
node_connections = [&"output", 0, &"strike", &"TimeScale", 0, &"Animation 2", &"TimeScale 2", 0, &"Animation 3", &"aim", 0, &"vertical", &"aim", 1, &"aimingstatemachine", &"speed", 0, &"Animation", &"speed", 1, &"TimeScale", &"strike", 0, &"aim", &"strike", 1, &"strikestart", &"strikestart", 0, &"TimeScale 2", &"vertical", 0, &"Animation 5", &"vertical", 1, &"speed", &"vertical", 2, &"Animation 4"]

[sub_resource type="AnimationNodeAdd2" id="AnimationNodeAdd2_xpow8"]

[sub_resource type="AnimationNodeTimeScale" id="AnimationNodeTimeScale_0h8p5"]

[sub_resource type="AnimationNodeTimeScale" id="AnimationNodeTimeScale_3o6pb"]

[sub_resource type="AnimationNodeTimeScale" id="AnimationNodeTimeScale_8e1wm"]

[sub_resource type="AnimationNodeTimeScale" id="AnimationNodeTimeScale_etkup"]

[sub_resource type="AnimationNodeTimeScale" id="AnimationNodeTimeScale_dj136"]

[sub_resource type="AnimationNodeAdd2" id="AnimationNodeAdd2_a8ymg"]

[sub_resource type="AnimationNodeOneShot" id="AnimationNodeOneShot_eoek4"]

[sub_resource type="AnimationNodeBlend2" id="AnimationNodeBlend2_ddqy5"]

[sub_resource type="AnimationNodeAnimation" id="AnimationNodeAnimation_y0vsy"]
animation = &"LowerShield"

[sub_resource type="AnimationNodeAnimation" id="AnimationNodeAnimation_2kdyv"]
animation = &"RaiseShield"

[sub_resource type="AnimationNodeStateMachineTransition" id="AnimationNodeStateMachineTransition_yl512"]

[sub_resource type="AnimationNodeStateMachineTransition" id="AnimationNodeStateMachineTransition_jvwfl"]

[sub_resource type="AnimationNodeStateMachineTransition" id="AnimationNodeStateMachineTransition_eibg0"]

[sub_resource type="AnimationNodeStateMachineTransition" id="AnimationNodeStateMachineTransition_synn2"]

[sub_resource type="AnimationNodeStateMachine" id="AnimationNodeStateMachine_wouvj"]
states/Lower/node = SubResource("AnimationNodeAnimation_y0vsy")
states/Lower/position = Vector2(652, 105)
states/Raise/node = SubResource("AnimationNodeAnimation_2kdyv")
states/Raise/position = Vector2(385, 109)
states/Start/position = Vector2(201, 100)
transitions = ["Start", "Raise", SubResource("AnimationNodeStateMachineTransition_yl512"), "Raise", "Lower", SubResource("AnimationNodeStateMachineTransition_jvwfl"), "Lower", "Raise", SubResource("AnimationNodeStateMachineTransition_eibg0"), "Lower", "End", SubResource("AnimationNodeStateMachineTransition_synn2")]

[sub_resource type="AnimationNodeBlend2" id="AnimationNodeBlend2_i68h2"]

[sub_resource type="AnimationNodeBlend2" id="AnimationNodeBlend2_0tx31"]

[sub_resource type="AnimationNodeBlend2" id="AnimationNodeBlend2_s4dde"]

[sub_resource type="AnimationNodeBlend2" id="AnimationNodeBlend2_a00wc"]

[sub_resource type="AnimationNodeAnimation" id="AnimationNodeAnimation_u752m"]
animation = &"Fall"

[sub_resource type="AnimationNodeAnimation" id="AnimationNodeAnimation_mg1y3"]
animation = &"Jump"

[sub_resource type="Curve" id="Curve_4ao22"]
_data = [Vector2(0, 0), 0.0, 0.0, 0, 0, Vector2(1, 1), 0.0, 0.0, 0, 0]
point_count = 2

[sub_resource type="AnimationNodeStateMachineTransition" id="AnimationNodeStateMachineTransition_5h2jr"]
xfade_time = 0.2
xfade_curve = SubResource("Curve_4ao22")

[sub_resource type="AnimationNodeStateMachineTransition" id="AnimationNodeStateMachineTransition_ln832"]
switch_mode = 1

[sub_resource type="AnimationNodeStateMachineTransition" id="AnimationNodeStateMachineTransition_ju5kq"]

[sub_resource type="AnimationNodeStateMachineTransition" id="AnimationNodeStateMachineTransition_te6lb"]

[sub_resource type="AnimationNodeStateMachineTransition" id="AnimationNodeStateMachineTransition_ft74u"]

[sub_resource type="AnimationNodeStateMachine" id="AnimationNodeStateMachine_doh4d"]
states/Fall/node = SubResource("AnimationNodeAnimation_u752m")
states/Fall/position = Vector2(645, 100)
states/Jump/node = SubResource("AnimationNodeAnimation_mg1y3")
states/Jump/position = Vector2(520, 23)
states/Start/position = Vector2(256, 100)
transitions = ["Jump", "Fall", SubResource("AnimationNodeStateMachineTransition_5h2jr"), "Start", "Jump", SubResource("AnimationNodeStateMachineTransition_ln832"), "Fall", "End", SubResource("AnimationNodeStateMachineTransition_ju5kq"), "Start", "Fall", SubResource("AnimationNodeStateMachineTransition_te6lb"), "Fall", "Jump", SubResource("AnimationNodeStateMachineTransition_ft74u")]
graph_offset = Vector2(-69, -31)

[sub_resource type="AnimationNodeBlendTree" id="AnimationNodeBlendTree_dcbpa"]
graph_offset = Vector2(-1254.4, -66.5033)
nodes/Add2/node = SubResource("AnimationNodeAdd2_6olxp")
nodes/Add2/position = Vector2(1280, 100)
nodes/Animation/node = SubResource("AnimationNodeAnimation_g6wpn")
nodes/Animation/position = Vector2(756, 16)
"nodes/Animation 2/node" = SubResource("AnimationNodeAnimation_6eu5d")
"nodes/Animation 2/position" = Vector2(-3360, 520)
"nodes/Animation 3/node" = SubResource("AnimationNodeAnimation_50wh4")
"nodes/Animation 3/position" = Vector2(-3080, -180)
"nodes/Animation 4/node" = SubResource("AnimationNodeAnimation_0ktk1")
"nodes/Animation 4/position" = Vector2(-3080, -400)
"nodes/Animation 5/node" = SubResource("AnimationNodeAnimation_4435m")
"nodes/Animation 5/position" = Vector2(-3080, -200)
"nodes/Animation 6/node" = SubResource("AnimationNodeAnimation_542aa")
"nodes/Animation 6/position" = Vector2(-3080, 0)
"nodes/Animation 7/node" = SubResource("AnimationNodeAnimation_u7nvj")
"nodes/Animation 7/position" = Vector2(-3080, 200)
nodes/PlayerBot/node = SubResource("AnimationNodeBlendTree_2m0ar")
nodes/PlayerBot/position = Vector2(-1020, -40)
nodes/PlayerTop/node = SubResource("AnimationNodeBlendTree_a0vwq")
nodes/PlayerTop/position = Vector2(-880, 100)
nodes/ShieldBlock/node = SubResource("AnimationNodeAdd2_xpow8")
nodes/ShieldBlock/position = Vector2(160, 200)
"nodes/TimeScale 2/node" = SubResource("AnimationNodeTimeScale_0h8p5")
"nodes/TimeScale 2/position" = Vector2(-2800, -220)
"nodes/TimeScale 3/node" = SubResource("AnimationNodeTimeScale_3o6pb")
"nodes/TimeScale 3/position" = Vector2(-3080, 500)
"nodes/TimeScale 4/node" = SubResource("AnimationNodeTimeScale_8e1wm")
"nodes/TimeScale 4/position" = Vector2(-2800, 180)
"nodes/TimeScale 5/node" = SubResource("AnimationNodeTimeScale_etkup")
"nodes/TimeScale 5/position" = Vector2(-2340, -260)
"nodes/TimeScale 6/node" = SubResource("AnimationNodeTimeScale_dj136")
"nodes/TimeScale 6/position" = Vector2(-100, 620)
nodes/TopBot/node = SubResource("AnimationNodeAdd2_a8ymg")
nodes/TopBot/position = Vector2(-465.037, -72.0767)
nodes/land/node = SubResource("AnimationNodeOneShot_eoek4")
nodes/land/position = Vector2(-2560, 400)
nodes/landidle/node = SubResource("AnimationNodeBlend2_ddqy5")
nodes/landidle/position = Vector2(-1760, -80)
nodes/output/position = Vector2(1540, 120)
nodes/shieldstatemachine/node = SubResource("AnimationNodeStateMachine_wouvj")
nodes/shieldstatemachine/position = Vector2(-340, 700)
nodes/speed/node = SubResource("AnimationNodeBlend2_i68h2")
nodes/speed/position = Vector2(-2560, 120)
nodes/swim/node = SubResource("AnimationNodeBlend2_0tx31")
nodes/swim/position = Vector2(-2020, 60)
nodes/swim_speed/node = SubResource("AnimationNodeBlend2_s4dde")
nodes/swim_speed/position = Vector2(-2100, -320)
nodes/vertical/node = SubResource("AnimationNodeBlend2_a00wc")
nodes/vertical/position = Vector2(-2300, 80)
nodes/verticalstatemachine/node = SubResource("AnimationNodeStateMachine_doh4d")
nodes/verticalstatemachine/position = Vector2(-3080, 320)
node_connections = [&"output", 0, &"Add2", &"Add2", 0, &"Animation", &"Add2", 1, &"ShieldBlock", &"ShieldBlock", 0, &"TopBot", &"ShieldBlock", 1, &"TimeScale 6", &"TimeScale 2", 0, &"Animation 3", &"TimeScale 3", 0, &"Animation 2", &"TimeScale 4", 0, &"Animation 7", &"TimeScale 5", 0, &"Animation 4", &"TimeScale 6", 0, &"shieldstatemachine", &"TopBot", 0, &"PlayerBot", &"TopBot", 1, &"PlayerTop", &"land", 0, &"TimeScale 2", &"land", 1, &"TimeScale 3", &"landidle", 0, &"swim", &"landidle", 1, &"land", &"speed", 0, &"Animation 6", &"speed", 1, &"TimeScale 4", &"swim", 0, &"vertical", &"swim", 1, &"swim_speed", &"swim_speed", 0, &"Animation 5", &"swim_speed", 1, &"TimeScale 5", &"vertical", 0, &"speed", &"vertical", 1, &"verticalstatemachine"]

[sub_resource type="AnimationNodeStateMachinePlayback" id="AnimationNodeStateMachinePlayback_gvwis"]

[sub_resource type="AnimationNodeStateMachinePlayback" id="AnimationNodeStateMachinePlayback_g5sto"]

[sub_resource type="AnimationNodeStateMachinePlayback" id="AnimationNodeStateMachinePlayback_x0ibj"]

[sub_resource type="SceneReplicationConfig" id="SceneReplicationConfig_ycw4q"]
properties/0/path = NodePath("AnimationTree:parameters/vertical/blend_amount")
properties/0/spawn = true
properties/0/sync = true
properties/1/path = NodePath("AnimationTree:parameters/strike/active")
properties/1/spawn = true
properties/1/sync = true
properties/2/path = NodePath("AnimationTree:parameters/speed/blend_amount")
properties/2/spawn = true
properties/2/sync = true
properties/3/path = NodePath("AnimationTree:parameters/landidle/blend_amount")
properties/3/spawn = true
properties/3/sync = true
properties/4/path = NodePath("AnimationTree:parameters/land/active")
properties/4/spawn = true
properties/4/sync = true
properties/5/path = NodePath("RunTrail:emitting")
properties/5/spawn = true
properties/5/sync = true
properties/6/path = NodePath("AnimationTree:parameters/aim/add_amount")
properties/6/spawn = true
properties/6/sync = true

[sub_resource type="SphereMesh" id="SphereMesh_ep8by"]
radius = 0.063
height = 0.125

[node name="PlayerModel" instance=ExtResource("1_yr3ub")]
script = ExtResource("2_oqrot")
attachmentPoints = [NodePath("HandL"), NodePath("HandR")]

[node name="Skeleton3D" parent="root" index="0"]
bones/0/rest = Transform3D(-6.91414e-06, 0.140677, 0.990056, 7.6741e-07, 0.990056, -0.140677, -1, -2.08616e-07, -6.91414e-06, 0.00629979, 0.465994, -2.75373e-10)
bones/0/position = Vector3(0.00620122, 0.585439, 1.07157e-09)
bones/0/rotation = Quaternion(0.049861, 0.705349, -0.0498608, 0.705344)
bones/0/scale = Vector3(1, 1, 1)
bones/1/rest = Transform3D(1, 1.7171e-06, -2.9305e-06, -1.1694e-06, 0.984106, 0.177583, 3.18885e-06, -0.177583, 0.984106, -3.83024e-08, 0.185363, -0.00385938)
bones/1/position = Vector3(-3.74594e-08, 0.184827, -0.00385742)
bones/1/rotation = Quaternion(0.0559382, -1.4659e-06, 7.75111e-08, 0.998434)
bones/1/scale = Vector3(1, 1, 1)
bones/2/rest = Transform3D(1, -9.01384e-07, 2.29689e-07, 8.97248e-07, 0.999848, 0.0174128, -2.4535e-07, -0.0174128, 0.999848, -8.24341e-15, 0.185403, 8.32667e-17)
bones/2/position = Vector3(-8.24341e-15, 0.185403, 8.32667e-17)
bones/2/rotation = Quaternion(-0.0149829, 1.8098e-07, 1.15279e-06, 0.999888)
bones/2/scale = Vector3(1, 1, 1)
bones/3/rest = Transform3D(1, 2.74725e-07, 4.50475e-07, -3.30337e-07, 0.991708, 0.128508, -4.11435e-07, -0.128508, 0.991709, 4.39864e-12, 0.154525, 5.89811e-06)
bones/3/position = Vector3(4.39864e-12, 0.154525, 5.89811e-06)
bones/3/rotation = Quaternion(-0.0643876, 2.15925e-07, -1.5158e-07, 0.997925)
bones/3/scale = Vector3(1, 1, 1)
bones/4/rest = Transform3D(0.999899, -0.00298096, 0.0138743, 0.00796632, 0.927011, -0.374948, -0.0117439, 0.375021, 0.926942, -5.68434e-14, 0.185403, 2.23518e-08)
bones/4/position = Vector3(1.3666e-08, 0.197823, 0.0017134)
bones/4/rotation = Quaternion(0.191014, 0.00652485, 0.00278823, 0.981562)
bones/4/scale = Vector3(1, 1, 1)
bones/5/rest = Transform3D(1, -7.49578e-07, -1.79695e-08, 7.37557e-07, 0.979085, 0.20345, -1.34908e-07, -0.20345, 0.979085, -4.79701e-12, 0.09924, 2.4743e-06)
bones/5/position = Vector3(-4.79701e-12, 0.09924, 2.4743e-06)
bones/5/rotation = Quaternion(-0.102261, 2.93887e-08, 3.73743e-07, 0.994758)
bones/5/scale = Vector3(1, 1, 1)
bones/6/rest = Transform3D(0.469777, -0.882608, 0.0177005, -0.354195, -0.170082, 0.919575, -0.808613, -0.438265, -0.392516, -7.25277e-08, 0.202391, -0.241136)
bones/6/position = Vector3(-7.25277e-08, 0.202391, -0.241136)
bones/6/rotation = Quaternion(0.712807, -0.433779, -0.277394, -0.47623)
bones/6/scale = Vector3(1, 1, 1)
bones/7/rest = Transform3D(0.829168, 0.547287, -0.113828, -0.55165, 0.834033, -0.00838778, 0.0903457, 0.069748, 0.993465, -5.21541e-08, 0.0889291, -9.60426e-08)
bones/7/position = Vector3(-5.21541e-08, 0.0889291, -9.60426e-08)
bones/7/rotation = Quaternion(0.0204304, -0.0533859, -0.287343, 0.956121)
bones/7/scale = Vector3(1, 0.999999, 1)
bones/8/rest = Transform3D(0.996073, 0.0707614, -0.0532152, -0.0690958, 0.99708, 0.0325159, 0.0553607, -0.0287112, 0.998054, -1.49012e-08, 0.117215, -8.2422e-08)
bones/8/position = Vector3(-1.49012e-08, 0.117215, -8.2422e-08)
bones/8/rotation = Quaternion(-0.0153236, -0.0271739, -0.0350028, 0.9989)
bones/9/rest = Transform3D(0.467982, 0.882608, -0.0446789, 0.406475, -0.170081, 0.897692, 0.784711, -0.438264, -0.438353, -0.00848997, 0.202391, -0.241136)
bones/9/position = Vector3(-0.00848997, 0.202391, -0.241136)
bones/9/rotation = Quaternion(0.720489, 0.447295, 0.256781, -0.463559)
bones/10/rest = Transform3D(0.824033, -0.542372, 0.163713, 0.551558, 0.834033, -0.0131045, -0.129435, 0.101096, 0.986421, -3.72529e-09, 0.0889291, 7.35745e-08)
bones/10/position = Vector3(-3.72529e-09, 0.0889291, 7.35745e-08)
bones/10/rotation = Quaternion(0.0299102, 0.0767785, 0.286511, 0.954527)
bones/10/scale = Vector3(1, 0.999999, 1)
bones/11/rest = Transform3D(0.981889, -0.071004, 0.175648, 0.0649051, 0.99708, 0.0402343, -0.177992, -0.0281051, 0.983631, -3.72529e-08, 0.117215, 9.94187e-08)
bones/11/position = Vector3(-3.72529e-08, 0.117215, 9.94187e-08)
bones/11/rotation = Quaternion(-0.0171653, 0.0888263, 0.0341373, 0.995314)
bones/11/scale = Vector3(1, 1, 1)
bones/12/rest = Transform3D(0.446774, 0.881745, 0.15139, -0.147362, -0.0943769, 0.98457, 0.882427, -0.462189, 0.0877706, 0.0721957, 0.029453, 0.0890092)
bones/12/position = Vector3(0.0721957, 0.029453, 0.0890092)
bones/12/rotation = Quaternion(-0.83739, -0.495207, -0.177672, 0.148262)
bones/12/scale = Vector3(1, 1, 1)
bones/13/rest = Transform3D(0.621373, 0.327704, 0.711692, -0.0481136, 0.922577, -0.3828, -0.782036, 0.20362, 0.589032, -3.41142e-06, 0.243814, -1.14904e-05)
bones/13/position = Vector3(-3.41142e-06, 0.243814, -1.14904e-05)
bones/13/rotation = Quaternion(-0.268908, 0.284557, -0.0653546, 0.917848)
bones/13/scale = Vector3(1, 1, 1)
bones/14/rest = Transform3D(1, 4.09782e-08, 4.47035e-08, -4.09782e-08, 1, 8.00937e-08, -4.47035e-08, -8.00937e-08, 1, 4.14439e-06, -5.72994e-06, 2.18552e-05)
bones/14/position = Vector3(4.14439e-06, -5.72994e-06, 2.18552e-05)
bones/14/rotation = Quaternion(-2.65066e-07, -0.173235, -1.47521e-08, 0.984881)
bones/14/scale = Vector3(1, 1, 1)
bones/15/rest = Transform3D(0.848691, 0.528889, -4.44006e-07, -0.528889, 0.848691, -3.47531e-07, 1.93019e-07, 5.29776e-07, 1, 3.06833e-06, 0.220067, 2.85339e-05)
bones/15/position = Vector3(3.06833e-06, 0.220067, 2.85339e-05)
bones/15/rotation = Quaternion(-0.199871, -0.398819, -0.347993, 0.824558)
bones/15/scale = Vector3(1, 1, 1)
bones/16/rest = Transform3D(0.88987, 1.80171e-07, 0.456213, 5.0817e-09, 1, -4.04838e-07, -0.456213, 3.62572e-07, 0.88987, 8.10251e-08, 0.133903, -1.95578e-08)
bones/16/position = Vector3(8.10251e-08, 0.133903, -1.95578e-08)
bones/16/rotation = Quaternion(1.97364e-07, 0.234659, -4.50296e-08, 0.972078)
bones/16/scale = Vector3(0.999999, 1, 0.999999)
bones/17/rest = Transform3D(0.889737, -0.00319447, 0.456461, -0.0172855, 0.999022, 0.0406845, -0.456145, -0.0440887, 0.888812, 4.84288e-08, 0.267805, -2.42144e-08)
bones/17/position = Vector3(4.84288e-08, 0.267805, -2.42144e-08)
bones/17/rotation = Quaternion(-0.0218083, 0.234773, -0.00362499, 0.971799)
bones/17/scale = Vector3(0.999999, 0.999999, 0.999999)
bones/18/rest = Transform3D(0.446774, -0.881745, -0.151391, 0.147364, -0.0943769, 0.984569, -0.882427, -0.462189, 0.0877723, -0.072197, 0.0294536, 0.0890055)
bones/18/position = Vector3(-0.072197, 0.0294536, 0.0890055)
bones/18/rotation = Quaternion(-0.317308, 0.0276333, 0.495535, 0.808083)
bones/18/scale = Vector3(1, 1, 1)
bones/19/rest = Transform3D(0.61357, -0.303834, -0.728846, 0.0615092, 0.938596, -0.339491, 0.787241, 0.163471, 0.594582, -2.08311e-08, 0.292574, -8.77772e-08)
bones/19/position = Vector3(-2.08311e-08, 0.292574, -8.77772e-08)
bones/19/rotation = Quaternion(-0.31205, -0.120757, 0.137859, 0.932222)
bones/19/scale = Vector3(1, 1, 0.999999)
bones/20/rest = Transform3D(1, -1.15484e-07, -3.05474e-07, 1.15484e-07, 1, -6.34231e-07, 3.05474e-07, 6.34231e-07, 1, 1.19954e-06, 1.27869e-05, 1.13296e-06)
bones/20/position = Vector3(1.19954e-06, 1.27869e-05, 1.13296e-06)
bones/20/rotation = Quaternion(5.55199e-07, 0.173235, 1.37894e-07, 0.984881)
bones/20/scale = Vector3(1, 1, 1)
bones/21/rest = Transform3D(0.84869, -0.52889, -5.94524e-07, 0.52889, 0.84869, -7.25247e-07, 8.88142e-07, 3.01072e-07, 1, -1.91616e-06, 0.220086, 1.13277e-05)
bones/21/position = Vector3(-1.91616e-06, 0.220086, 1.13277e-05)
bones/21/rotation = Quaternion(-0.0267886, 0.167786, 0.220623, 0.960446)
bones/22/rest = Transform3D(0.889871, 7.96831e-08, -0.456213, 8.71336e-08, 1, 3.44622e-07, 0.456213, -3.4642e-07, 0.889871, -3.07336e-08, 0.133903, 1.70432e-07)
bones/22/position = Vector3(-3.07336e-08, 0.133903, 1.70432e-07)
bones/22/rotation = Quaternion(-1.77723e-07, -0.234659, 1.91611e-09, 0.972078)
bones/22/scale = Vector3(1, 1, 1)
bones/23/rest = Transform3D(0.889738, 0.003195, -0.456461, 0.0172858, 0.999023, 0.0406863, 0.456145, -0.0440904, 0.888813, -9.68575e-08, 0.267805, -4.84288e-08)
bones/23/position = Vector3(-9.68575e-08, 0.267805, -4.84288e-08)
bones/23/rotation = Quaternion(-0.0218092, -0.234772, 0.00362493, 0.971799)
bones/23/scale = Vector3(1, 1, 1)
bones/24/rest = Transform3D(0.368834, 0.122427, 0.9214, 0.0209332, -0.992131, 0.123446, 0.929281, -0.0262426, -0.368487, 0.168477, -8.64653e-06, -0.000235289)
bones/24/position = Vector3(0.168477, -8.64653e-06, -0.000235289)
bones/24/rotation = Quaternion(0.664027, -0.272763, 0.491108, -0.493439)
bones/24/scale = Vector3(1.00002, 1, 1)
bones/25/rest = Transform3D(0.990702, -0.13605, 9.34657e-07, 0.13605, 0.990702, -2.38618e-06, -6.01327e-07, 2.49115e-06, 1, -1.69966e-08, 0.164137, -6.1933e-08)
bones/25/position = Vector3(-1.69966e-08, 0.164137, -6.1933e-08)
bones/25/rotation = Quaternion(1.22218e-06, 3.84892e-07, 0.0681837, 0.997673)
bones/25/scale = Vector3(1, 1, 1)
bones/26/rest = Transform3D(-0.344139, 0.774042, 0.531438, -0.0465479, 0.55125, -0.83304, -0.937764, -0.311419, -0.153677, -0.0414817, 0.154147, 0.0230306)
bones/26/position = Vector3(-0.00781621, 0.161313, 0.00313831)
bones/26/rotation = Quaternion(0.25411, 0.715728, -0.399754, 0.513185)
bones/26/scale = Vector3(1, 1, 1)
bones/27/rest = Transform3D(-1, 1.96342e-07, 1.80359e-06, -9.8553e-08, 0.98678, -0.162065, -1.81157e-06, -0.162065, -0.98678, 6.0536e-09, 0.250972, 8.84756e-09)
bones/27/position = Vector3(6.0536e-09, 0.250972, 8.84756e-09)
bones/27/rotation = Quaternion(0.00186987, 0.998021, -0.0626568, 0.00495597)
bones/27/scale = Vector3(1, 1, 1)
bones/28/rest = Transform3D(1, 3.35276e-08, 6.42613e-08, -3.35276e-08, 1, -1.08033e-07, -6.42613e-08, 1.08033e-07, 1, 9.31323e-10, 0.0799912, -1.81608e-08)
bones/28/position = Vector3(9.31323e-10, 0.0799912, -1.81608e-08)
bones/28/rotation = Quaternion(5.40165e-08, 3.21307e-08, -1.67638e-08, 1)
bones/28/scale = Vector3(1, 1, 1)
bones/29/rotation = Quaternion(-1.39681e-07, -0.115391, 6.91741e-08, 0.99332)
bones/30/rest = Transform3D(0.36886, -0.122427, -0.921388, -0.0209355, -0.992131, 0.123446, -0.929255, -0.0262443, -0.368518, -0.168466, -3.39317e-06, 0.000235811)
bones/30/position = Vector3(-0.168466, -3.39317e-06, 0.000235811)
bones/30/rotation = Quaternion(0.636035, -0.413005, -0.3808, 0.529034)
bones/30/scale = Vector3(1.00001, 1, 1)
bones/31/rest = Transform3D(0.990702, 0.136049, -4.24844e-07, -0.136049, 0.990702, -5.02874e-06, -2.63261e-07, 5.03978e-06, 1, -9.42964e-09, 0.164137, 4.60423e-08)
bones/31/position = Vector3(-9.42964e-09, 0.164137, 4.60423e-08)
bones/31/rotation = Quaternion(0.133404, -0.0800988, -0.484866, 0.860635)
bones/31/scale = Vector3(1, 1, 1)
bones/32/rest = Transform3D(-0.344154, -0.774074, -0.531383, 0.0465575, 0.55119, -0.83308, 0.937758, -0.311448, -0.153655, 0.0412739, 0.153885, 0.0229307)
bones/32/position = Vector3(0.0167946, 0.145147, 0.0134541)
bones/32/rotation = Quaternion(0.254122, -0.715716, 0.399784, 0.513172)
bones/32/scale = Vector3(1, 1, 1)
bones/33/rest = Transform3D(-1, 9.58493e-07, -7.05385e-07, 1.06014e-06, 0.98678, -0.162065, 5.40722e-07, -0.162065, -0.98678, 6.51926e-09, 0.25097, -1.94414e-08)
bones/33/position = Vector3(6.51926e-09, 0.25097, -1.94414e-08)
bones/33/rotation = Quaternion(-0.0100678, 0.999409, 0.0192816, -0.026619)
bones/33/scale = Vector3(1, 1, 1)
bones/35/rest = Transform3D(1, 7.45058e-09, -4.92437e-08, -7.45058e-09, 1, -5.58794e-08, 4.92437e-08, 5.58794e-08, 1, -1.86265e-09, -4.23752e-08, 2.35159e-08)
bones/35/position = Vector3(-1.86265e-09, -4.23752e-08, 2.35159e-08)
bones/35/rotation = Quaternion(2.79397e-08, -2.46218e-08, -3.72529e-09, 1)
bones/35/scale = Vector3(1, 1, 1)
script = ExtResource("1_wbk7d")

[node name="Head" type="BoneAttachment3D" parent="root/Skeleton3D" index="6"]
transform = Transform3D(-0.0109462, 0.270394, 0.962688, 0.00903934, 0.962733, -0.270303, -0.999899, 0.0057433, -0.0129824, 0.175037, 1.38403, 0.000296386)
bone_name = "head.x"
bone_idx = 5

[node name="Physical Bone root_x" type="PhysicalBone3D" parent="root/Skeleton3D" index="7"]
transform = Transform3D(-1.68592e-05, 0.992769, -0.120038, 2.17101e-06, -0.120038, -0.992769, -1, -1.69588e-05, -1.26439e-07, 0.0180031, 0.659569, 4.67276e-09)
collision_layer = 256
collision_mask = 256
joint_offset = Transform3D(1, 0, 0, 0, 1, 0, 0, 0, 1, 4.19109e-08, -0.00281823, 0.0750103)
body_offset = Transform3D(1, 1.00422e-05, 1.76188e-07, -1.67694e-08, 0.0208159, -0.999783, -1.00425e-05, 0.999783, 0.0208159, -2.68257e-08, 0.0750527, 0.00125621)
bone_name = "root.x"

[node name="CollisionShape3D" type="CollisionShape3D" parent="root/Skeleton3D/Physical Bone root_x" index="0"]
transform = Transform3D(1, 0, 0, 0, 0, 1, 0, -1, 0, 0, 0, 0)
shape = SubResource("CapsuleShape3D_bdt4x")

[node name="Physical Bone spine_01_x" type="PhysicalBone3D" parent="root/Skeleton3D" index="8"]
transform = Transform3D(-4.12796e-06, 0.968145, -0.250387, 3.5272e-07, -0.250387, -0.968145, -1, -4.03174e-06, 6.88973e-07, 0.0508552, 0.837256, -4.28243e-08)
collision_layer = 256
collision_mask = 256
joint_type = 1
joint_offset = Transform3D(1, 0, 0, 0, 1, 0, 0, 0, 1, -4.01519e-09, -0.00465859, 0.071737)
body_offset = Transform3D(1, 1.01051e-07, -4.29323e-08, -2.9849e-08, 2.2352e-07, -0.999999, -1.15414e-07, 0.999999, 2.23515e-07, 7.56577e-09, 0.0717369, 0.00465856)
bone_name = "spine_01.x"
joint_constraints/bias = 0.3
joint_constraints/damping = 1.0
joint_constraints/impulse_clamp = 0.0

[node name="CollisionShape3D" type="CollisionShape3D" parent="root/Skeleton3D/Physical Bone spine_01_x" index="0"]
transform = Transform3D(1, 0, 0, 0, 0, 1, 0, -1, 0, 0, 0, 0)
shape = SubResource("CapsuleShape3D_rcvrg")

[node name="Physical Bone spine_02_x" type="PhysicalBone3D" parent="root/Skeleton3D" index="9"]
transform = Transform3D(-4.14278e-06, 0.986408, -0.16084, 2.4604e-06, -0.16084, -0.986408, -1, -4.45303e-06, -1.75699e-06, 0.0868091, 1.00329, 2.81823e-08)
collision_layer = 256
collision_mask = 256
joint_type = 1
joint_offset = Transform3D(1, 0, 0, 0, 1, 0, 0, 0, 1, 3.35251e-08, -0.00302634, 0.0560697)
body_offset = Transform3D(1, 2.97335e-07, -2.8395e-07, -2.84963e-07, 0.0614057, -0.997547, -2.69697e-07, 0.997547, 0.0614057, -1.67042e-08, 0.056118, -0.000424087)
bone_name = "spine_02.x"
joint_constraints/bias = 0.3
joint_constraints/damping = 1.0
joint_constraints/impulse_clamp = 0.0

[node name="CollisionShape3D" type="CollisionShape3D" parent="root/Skeleton3D/Physical Bone spine_02_x" index="0"]
transform = Transform3D(1, 0, 0, 0, 0, 1, 0, -1, 0, 0, 0, 0)
shape = SubResource("CapsuleShape3D_38uhh")

[node name="Physical Bone spine_03_x" type="PhysicalBone3D" parent="root/Skeleton3D" index="10"]
transform = Transform3D(-4.60128e-06, 0.999639, -0.0327808, 2.19577e-06, -0.0327865, -0.999597, -1, -4.63254e-06, -2.04044e-06, 0.102219, 1.17215, 3.53769e-07)
collision_layer = 256
collision_mask = 256
joint_type = 1
joint_offset = Transform3D(1, 0, 0, 0, 1, 0, 0, 0, 1, -2.21676e-08, 0.00917071, 0.0727203)
body_offset = Transform3D(1, 3.0409e-07, -2.72791e-07, -2.79818e-07, 0.0614344, -0.998245, -2.85169e-07, 0.998288, 0.061436, 3.92163e-08, 0.0720294, -0.0136227)
bone_name = "spine_03.x"
joint_constraints/bias = 0.3
joint_constraints/damping = 1.0
joint_constraints/impulse_clamp = 0.0

[node name="CollisionShape3D" type="CollisionShape3D" parent="root/Skeleton3D/Physical Bone spine_03_x" index="0"]
transform = Transform3D(1, 0, 0, 0, 0, 1, 0, -1, 0, 0, 0, 0)
shape = SubResource("CapsuleShape3D_7024q")

[node name="Physical Bone neck_x" type="PhysicalBone3D" parent="root/Skeleton3D" index="11"]
transform = Transform3D(-0.0115171, 0.913867, -0.403906, 0.00836134, -0.404541, -0.912773, -0.999704, -0.0138794, -0.00297838, 0.128166, 1.32469, 0.000157788)
collision_layer = 256
collision_mask = 256
joint_type = 1
joint_offset = Transform3D(1, 0, 0, 0, 1, 0, 0, 0, 1, -9.61077e-05, 0.0126995, 0.0258655)
body_offset = Transform3D(0.999805, 0.000218049, -0.000850849, -0.000863461, 0.0618108, -0.996229, -0.000197355, 0.997586, 0.0619063, 0.000115328, 0.0249829, -0.0142701)
bone_name = "neck.x"
joint_constraints/bias = 0.3
joint_constraints/damping = 1.0
joint_constraints/impulse_clamp = 0.0

[node name="CollisionShape3D" type="CollisionShape3D" parent="root/Skeleton3D/Physical Bone neck_x" index="0"]
transform = Transform3D(1, 0, 0, 0, 0, 1, 0, -1, 0, 0, 0, 0)
shape = SubResource("CapsuleShape3D_14lvf")

[node name="Physical Bone head_x" type="PhysicalBone3D" parent="root/Skeleton3D" index="12"]
transform = Transform3D(-0.0115034, 0.790632, 0.614486, 0.00835198, 0.615633, -0.790487, -0.999704, -0.00394782, -0.0136349, 0.0514327, 1.49443, 0.0024544)
collision_layer = 256
collision_mask = 256
joint_type = 1
joint_offset = Transform3D(1, 0, 0, 0, 1, 0, 0, 0, 1, -0.000179912, 0.0297714, 0.162842)
body_offset = Transform3D(0.999805, 0.000857993, -0.000238152, -0.000811303, 0.806449, -0.594953, -0.000353192, 0.594775, 0.805406, 0.000193114, 0.0728743, -0.148862)
bone_name = "head.x"
joint_constraints/bias = 0.3
joint_constraints/damping = 1.0
joint_constraints/impulse_clamp = 0.0

[node name="CollisionShape3D" type="CollisionShape3D" parent="root/Skeleton3D/Physical Bone head_x" index="0"]
transform = Transform3D(1, 0, 0, 0, 0, 1, 0, -1, 0, 0, 0, 0)
shape = SubResource("CapsuleShape3D_clro6")

[node name="Physical Bone band_attach_r" type="PhysicalBone3D" parent="root/Skeleton3D" index="13"]
transform = Transform3D(-0.870339, -0.189642, 0.454005, -0.171771, 0.98093, 0.0811832, -0.461124, -0.00738555, -0.885959, -0.0657771, 1.61373, 0.0438849)
collision_layer = 256
collision_mask = 256
joint_type = 1
joint_offset = Transform3D(1, 0, 0, 0, 1, 0, 0, 0, 1, -0.0422484, 0.0180408, 0.0661928)
body_offset = Transform3D(0.998338, 0.0542464, -0.000163645, -0.00115177, 0.0281074, -0.998417, -0.0543093, 0.997251, 0.0282291, 0.0412104, 0.0655323, -0.0221542)
bone_name = "band_attach.r"
joint_constraints/bias = 0.3
joint_constraints/damping = 1.0
joint_constraints/impulse_clamp = 0.0

[node name="CollisionShape3D" type="CollisionShape3D" parent="root/Skeleton3D/Physical Bone band_attach_r" index="0"]
transform = Transform3D(1, 0, 0, 0, 0, 1, 0, -1, 0, 0, 0, 0)
shape = SubResource("CapsuleShape3D_bgdk6")

[node name="Physical Bone band_top_r" type="PhysicalBone3D" parent="root/Skeleton3D" index="14"]
transform = Transform3D(-0.489197, -0.0865351, 0.872881, -0.00891775, 0.999502, 0.0941029, -0.876349, 0.0378875, -0.488195, -0.137293, 1.60708, 0.112203)
collision_layer = 256
collision_mask = 256
joint_type = 1
joint_offset = Transform3D(1, 0, 0, 0, 1, 0, 0, 0, 1, -0.0210386, 0.0228145, 0.0983507)
body_offset = Transform3D(1.00324, 0.0301365, 0.00195894, 0.000364512, 0.0540361, -1.00309, -0.0299755, 1.00205, 0.0540578, 0.0202265, 0.0974293, -0.0288085)
bone_name = "band_top.r"
joint_constraints/bias = 0.3
joint_constraints/damping = 1.0
joint_constraints/impulse_clamp = 0.0

[node name="CollisionShape3D" type="CollisionShape3D" parent="root/Skeleton3D/Physical Bone band_top_r" index="0"]
transform = Transform3D(1, 0, 0, 0, 0, 1, 0, -1, 0, 0, 0, 0)
shape = SubResource("CapsuleShape3D_lnkvy")

[node name="Physical Bone band_attach_l" type="PhysicalBone3D" parent="root/Skeleton3D" index="15"]
transform = Transform3D(0.847491, -0.238668, 0.474102, 0.235577, 0.969714, 0.066326, -0.475414, 0.0554857, 0.876283, -0.066679, 1.61536, -0.0259514)
collision_layer = 256
collision_mask = 256
joint_type = 1
joint_offset = Transform3D(1, 0, 0, 0, 1, 0, 0, 0, 1, 0.04272, 0.0145669, 0.066795)
body_offset = Transform3D(0.998438, -0.0538139, 0.00307322, 0.00380522, 0.0291027, -0.998093, 0.0535034, 0.99832, 0.0290468, -0.0420747, 0.0660811, -0.0187683)
bone_name = "band_attach.l"
joint_constraints/bias = 0.3
joint_constraints/damping = 1.0
joint_constraints/impulse_clamp = 0.0

[node name="CollisionShape3D" type="CollisionShape3D" parent="root/Skeleton3D/Physical Bone band_attach_l" index="0"]
transform = Transform3D(1, 0, 0, 0, 0, 1, 0, -1, 0, 0, 0, 0)
shape = SubResource("CapsuleShape3D_bdqym")

[node name="Physical Bone band_top_l" type="PhysicalBone3D" parent="root/Skeleton3D" index="16"]
transform = Transform3D(0.468918, -0.0909745, 0.88234, 0.0323445, 0.998419, 0.0858427, -0.886086, -0.0116252, 0.469669, -0.1385, 1.59994, -0.0924355)
collision_layer = 256
collision_mask = 256
joint_type = 1
joint_offset = Transform3D(1, 0, 0, 0, 1, 0, 0, 0, 1, 0.0207939, 0.0316544, 0.0984621)
body_offset = Transform3D(1.00262, -0.0289178, -0.0011645, 5.34356e-05, 0.0545221, -1.00175, 0.0289045, 1.00072, 0.0545212, -0.0198183, 0.0969078, -0.0376465)
bone_name = "band_top.l"
joint_constraints/bias = 0.3
joint_constraints/damping = 1.0
joint_constraints/impulse_clamp = 0.0

[node name="CollisionShape3D" type="CollisionShape3D" parent="root/Skeleton3D/Physical Bone band_top_l" index="0"]
transform = Transform3D(1, 0, 0, 0, 0, 1, 0, -1, 0, 0, 0, 0)
shape = SubResource("CapsuleShape3D_dxnhe")

[node name="Physical Bone shoulder_l" type="PhysicalBone3D" parent="root/Skeleton3D" index="17"]
transform = Transform3D(0.778693, -0.60864, 0.1555, 0.496563, 0.74806, 0.440521, -0.38414, -0.265424, 0.883586, 0.170091, 1.05238, -0.179812)
collision_layer = 256
collision_mask = 256
joint_type = 1
joint_offset = Transform3D(1, 0, 0, 0, 1, 0, 0, 0, 1, 0.0158264, 0.00362193, 0.129764)
body_offset = Transform3D(0.936105, 0.351859, 0.00792611, 0.0218492, -0.0370225, -0.998563, -0.351754, 0.93558, -0.0421024, -0.0171182, 0.129366, 0.00764176)
