[gd_scene load_steps=96 format=3 uid="uid://bryply5pm5nlg"]

[ext_resource type="Script" path="res://Scripts/PlayerSkeleton.gd" id="1_wbk7d"]
[ext_resource type="PackedScene" uid="uid://c0hc88bv6i8f3" path="res://Assets/Models/LevelObjects/Entities/Player/Player.blend" id="1_yr3ub"]
[ext_resource type="Script" path="res://Scripts/Players/PlayerModel.gd" id="2_oqrot"]
[ext_resource type="AudioStream" uid="uid://btxrdugeymdpx" path="res://Assets/Sounds/sfx/Hit.mp3" id="4_52v3t"]

[sub_resource type="CapsuleShape3D" id="CapsuleShape3D_bdt4x"]
radius = 0.0185403
height = 0.185403

[sub_resource type="CapsuleShape3D" id="CapsuleShape3D_rcvrg"]
radius = 0.0185403
height = 0.185403

[sub_resource type="CapsuleShape3D" id="CapsuleShape3D_38uhh"]
radius = 0.0154525
height = 0.154525

[sub_resource type="CapsuleShape3D" id="CapsuleShape3D_7024q"]
radius = 0.0185403
height = 0.185403

[sub_resource type="CapsuleShape3D" id="CapsuleShape3D_14lvf"]
radius = 0.009924
height = 0.09924

[sub_resource type="CapsuleShape3D" id="CapsuleShape3D_clro6"]
radius = 0.0314815
height = 0.314815

[sub_resource type="CapsuleShape3D" id="CapsuleShape3D_bgdk6"]
radius = 0.00889291
height = 0.0889291

[sub_resource type="CapsuleShape3D" id="CapsuleShape3D_lnkvy"]
radius = 0.0117215
height = 0.117215

[sub_resource type="CapsuleShape3D" id="CapsuleShape3D_bdqym"]
radius = 0.00889291
height = 0.0889291

[sub_resource type="CapsuleShape3D" id="CapsuleShape3D_dxnhe"]
radius = 0.0117215
height = 0.117215

[sub_resource type="CapsuleShape3D" id="CapsuleShape3D_el4kq"]
radius = 0.0243814
height = 0.243814

[sub_resource type="CapsuleShape3D" id="CapsuleShape3D_6a0ua"]
radius = 2.29708e-06
height = 2.29708e-05

[sub_resource type="CapsuleShape3D" id="CapsuleShape3D_jogoa"]
radius = 0.0133903
height = 0.133903

[sub_resource type="CapsuleShape3D" id="CapsuleShape3D_yjr2x"]
radius = 0.0292574
height = 0.292574

[sub_resource type="CapsuleShape3D" id="CapsuleShape3D_wmw2s"]
radius = 1.28929e-06
height = 1.28929e-05

[sub_resource type="CapsuleShape3D" id="CapsuleShape3D_8g20t"]
radius = 0.0133903
height = 0.133903

[sub_resource type="CapsuleShape3D" id="CapsuleShape3D_0443i"]
radius = 0.0164137
height = 0.164137

[sub_resource type="CapsuleShape3D" id="CapsuleShape3D_q4aa5"]
radius = 0.0161284
height = 0.161284

[sub_resource type="CapsuleShape3D" id="CapsuleShape3D_2kn4l"]
radius = 0.0250972
height = 0.250972

[sub_resource type="CapsuleShape3D" id="CapsuleShape3D_w3jdd"]
radius = 0.0164137
height = 0.164137

[sub_resource type="CapsuleShape3D" id="CapsuleShape3D_om0r0"]
radius = 0.0160966
height = 0.160966

[sub_resource type="CapsuleShape3D" id="CapsuleShape3D_ybwe5"]
radius = 0.025097
height = 0.25097

[sub_resource type="AnimationNodeAdd2" id="AnimationNodeAdd2_6olxp"]

[sub_resource type="AnimationNodeAnimation" id="AnimationNodeAnimation_6eu5d"]
animation = &"Land"

[sub_resource type="AnimationNodeAnimation" id="AnimationNodeAnimation_50wh4"]
animation = &"Idle"

[sub_resource type="AnimationNodeAnimation" id="AnimationNodeAnimation_0ktk1"]
animation = &"Swim"

[sub_resource type="AnimationNodeAnimation" id="AnimationNodeAnimation_4435m"]
animation = &"SwimIdle"

[sub_resource type="AnimationNodeAnimation" id="AnimationNodeAnimation_542aa"]
animation = &"Idle"

[sub_resource type="AnimationNodeAnimation" id="AnimationNodeAnimation_u7nvj"]
animation = &"Run"

[sub_resource type="AnimationNodeAnimation" id="AnimationNodeAnimation_g6wpn"]
animation = &"Default"

[sub_resource type="AnimationNodeAnimation" id="AnimationNodeAnimation_5gph2"]
animation = &"Run"

[sub_resource type="AnimationNodeAnimation" id="AnimationNodeAnimation_i8th6"]
animation = &"Jump"

[sub_resource type="AnimationNodeAnimation" id="AnimationNodeAnimation_x0rp6"]
animation = &"Fall"

[sub_resource type="AnimationNodeAnimation" id="AnimationNodeAnimation_p8367"]
animation = &"Idle"

[sub_resource type="AnimationNodeTimeScale" id="AnimationNodeTimeScale_7l1es"]

[sub_resource type="AnimationNodeBlend2" id="AnimationNodeBlend2_mjjyp"]

[sub_resource type="AnimationNodeBlend3" id="AnimationNodeBlend3_ayar2"]

[sub_resource type="AnimationNodeBlendTree" id="AnimationNodeBlendTree_2m0ar"]
graph_offset = Vector2(-772.764, 60.0983)
nodes/Animation/node = SubResource("AnimationNodeAnimation_p8367")
nodes/Animation/position = Vector2(-540, 40)
"nodes/Animation 2/node" = SubResource("AnimationNodeAnimation_5gph2")
"nodes/Animation 2/position" = Vector2(-660, 220)
"nodes/Animation 3/node" = SubResource("AnimationNodeAnimation_i8th6")
"nodes/Animation 3/position" = Vector2(100, 280)
"nodes/Animation 4/node" = SubResource("AnimationNodeAnimation_x0rp6")
"nodes/Animation 4/position" = Vector2(100, 40)
nodes/TimeScale/node = SubResource("AnimationNodeTimeScale_7l1es")
nodes/TimeScale/position = Vector2(-405.9, 215.6)
nodes/output/position = Vector2(620, 180)
nodes/speed/node = SubResource("AnimationNodeBlend2_mjjyp")
nodes/speed/position = Vector2(-92.2383, 142.018)
nodes/vertical/node = SubResource("AnimationNodeBlend3_ayar2")
nodes/vertical/position = Vector2(276.768, 115.076)
node_connections = [&"output", 0, &"vertical", &"TimeScale", 0, &"Animation 2", &"speed", 0, &"Animation", &"speed", 1, &"TimeScale", &"vertical", 0, &"Animation 4", &"vertical", 1, &"speed", &"vertical", 2, &"Animation 3"]

[sub_resource type="AnimationNodeAdd2" id="AnimationNodeAdd2_klpr7"]

[sub_resource type="AnimationNodeAnimation" id="AnimationNodeAnimation_1ulf2"]
animation = &"RunArms"

[sub_resource type="AnimationNodeAnimation" id="AnimationNodeAnimation_7uloj"]
animation = &"Strike"

[sub_resource type="AnimationNodeAnimation" id="AnimationNodeAnimation_3qilg"]
animation = &"JumpTop"

[sub_resource type="AnimationNodeAnimation" id="AnimationNodeAnimation_bxioo"]
animation = &"FallTop"

[sub_resource type="AnimationNodeAnimation" id="AnimationNodeAnimation_dt6cg"]
animation = &"IdleTop_001"

[sub_resource type="AnimationNodeTimeScale" id="AnimationNodeTimeScale_yr16x"]

[sub_resource type="AnimationNodeTimeScale" id="AnimationNodeTimeScale_1w316"]

[sub_resource type="AnimationNodeTimeScale" id="AnimationNodeTimeScale_p1ayl"]

[sub_resource type="AnimationNodeBlend2" id="AnimationNodeBlend2_15kxu"]

[sub_resource type="AnimationNodeBlend2" id="AnimationNodeBlend2_oq0cl"]

[sub_resource type="AnimationNodeAnimation" id="AnimationNodeAnimation_fkln7"]
animation = &"Aim"

[sub_resource type="AnimationNodeAnimation" id="AnimationNodeAnimation_x0p0m"]
animation = &"Release"

[sub_resource type="AnimationNodeStateMachineTransition" id="AnimationNodeStateMachineTransition_584ir"]

[sub_resource type="AnimationNodeStateMachineTransition" id="AnimationNodeStateMachineTransition_lk6kg"]

[sub_resource type="AnimationNodeStateMachineTransition" id="AnimationNodeStateMachineTransition_0tqhc"]

[sub_resource type="AnimationNodeStateMachine" id="AnimationNodeStateMachine_gveya"]
states/Aim/node = SubResource("AnimationNodeAnimation_fkln7")
states/Aim/position = Vector2(449, 100)
states/Release/node = SubResource("AnimationNodeAnimation_x0p0m")
states/Release/position = Vector2(693, 100)
states/Start/position = Vector2(223, 100)
transitions = ["Start", "Aim", SubResource("AnimationNodeStateMachineTransition_584ir"), "Aim", "Release", SubResource("AnimationNodeStateMachineTransition_lk6kg"), "Release", "Aim", SubResource("AnimationNodeStateMachineTransition_0tqhc")]

[sub_resource type="AnimationNodeAnimation" id="AnimationNodeAnimation_n1jr4"]
animation = &"LowerShield"

[sub_resource type="AnimationNodeAnimation" id="AnimationNodeAnimation_ete37"]
animation = &"RaiseShield"

[sub_resource type="AnimationNodeStateMachineTransition" id="AnimationNodeStateMachineTransition_0a4ip"]

[sub_resource type="AnimationNodeStateMachineTransition" id="AnimationNodeStateMachineTransition_86gqw"]

[sub_resource type="AnimationNodeStateMachineTransition" id="AnimationNodeStateMachineTransition_hcc00"]

[sub_resource type="AnimationNodeStateMachine" id="AnimationNodeStateMachine_bg8rs"]
states/Lower/node = SubResource("AnimationNodeAnimation_n1jr4")
states/Lower/position = Vector2(584, 107)
states/Raise/node = SubResource("AnimationNodeAnimation_ete37")
states/Raise/position = Vector2(410, 113)
transitions = ["Start", "Raise", SubResource("AnimationNodeStateMachineTransition_0a4ip"), "Raise", "Lower", SubResource("AnimationNodeStateMachineTransition_86gqw"), "Lower", "Raise", SubResource("AnimationNodeStateMachineTransition_hcc00")]
graph_offset = Vector2(96, 3)

[sub_resource type="AnimationNodeBlend2" id="AnimationNodeBlend2_dtlo4"]

[sub_resource type="AnimationNodeTimeSeek" id="AnimationNodeTimeSeek_5d7qv"]

[sub_resource type="AnimationNodeBlend3" id="AnimationNodeBlend3_gli1j"]

[sub_resource type="AnimationNodeBlendTree" id="AnimationNodeBlendTree_a0vwq"]
graph_offset = Vector2(-49.433, 73.2843)
nodes/Add2/node = SubResource("AnimationNodeAdd2_klpr7")
nodes/Add2/position = Vector2(820, 340)
nodes/Animation/node = SubResource("AnimationNodeAnimation_dt6cg")
nodes/Animation/position = Vector2(-800, 40)
"nodes/Animation 2/node" = SubResource("AnimationNodeAnimation_1ulf2")
"nodes/Animation 2/position" = Vector2(-980, 180)
"nodes/Animation 3/node" = SubResource("AnimationNodeAnimation_7uloj")
"nodes/Animation 3/position" = Vector2(-520, 540)
"nodes/Animation 4/node" = SubResource("AnimationNodeAnimation_3qilg")
"nodes/Animation 4/position" = Vector2(-380, 360)
"nodes/Animation 5/node" = SubResource("AnimationNodeAnimation_bxioo")
"nodes/Animation 5/position" = Vector2(-280, 0)
nodes/TimeScale/node = SubResource("AnimationNodeTimeScale_p1ayl")
nodes/TimeScale/position = Vector2(-704.506, 224.557)
"nodes/TimeScale 2/node" = SubResource("AnimationNodeTimeScale_yr16x")
"nodes/TimeScale 2/position" = Vector2(-300, 540)
"nodes/TimeScale 3/node" = SubResource("AnimationNodeTimeScale_1w316")
"nodes/TimeScale 3/position" = Vector2(600, 580)
nodes/Use/node = SubResource("AnimationNodeBlend2_15kxu")
nodes/Use/position = Vector2(1040, 160)
nodes/aim/node = SubResource("AnimationNodeBlend2_oq0cl")
nodes/aim/position = Vector2(300, 0)
nodes/aimingstatemachine/node = SubResource("AnimationNodeStateMachine_gveya")
nodes/aimingstatemachine/position = Vector2(-120, 280)
nodes/output/position = Vector2(1460, 140)
nodes/shieldstatemachine/node = SubResource("AnimationNodeStateMachine_bg8rs")
nodes/shieldstatemachine/position = Vector2(340, 680)
nodes/speed/node = SubResource("AnimationNodeBlend2_dtlo4")
nodes/speed/position = Vector2(-433.502, 120.852)
nodes/strikestart/node = SubResource("AnimationNodeTimeSeek_5d7qv")
nodes/strikestart/position = Vector2(-80, 500)
nodes/vertical/node = SubResource("AnimationNodeBlend3_gli1j")
nodes/vertical/position = Vector2(-80, 60)
node_connections = [&"output", 0, &"Use", &"Add2", 0, &"strikestart", &"Add2", 1, &"TimeScale 3", &"TimeScale", 0, &"Animation 2", &"TimeScale 2", 0, &"Animation 3", &"TimeScale 3", 0, &"shieldstatemachine", &"Use", 0, &"aim", &"Use", 1, &"Add2", &"aim", 0, &"vertical", &"aim", 1, &"aimingstatemachine", &"speed", 0, &"Animation", &"speed", 1, &"TimeScale", &"strikestart", 0, &"TimeScale 2", &"vertical", 0, &"Animation 5", &"vertical", 1, &"speed", &"vertical", 2, &"Animation 4"]

[sub_resource type="AnimationNodeTimeScale" id="AnimationNodeTimeScale_0h8p5"]

[sub_resource type="AnimationNodeTimeScale" id="AnimationNodeTimeScale_3o6pb"]

[sub_resource type="AnimationNodeTimeScale" id="AnimationNodeTimeScale_8e1wm"]

[sub_resource type="AnimationNodeTimeScale" id="AnimationNodeTimeScale_etkup"]

[sub_resource type="AnimationNodeAdd2" id="AnimationNodeAdd2_a8ymg"]

[sub_resource type="AnimationNodeOneShot" id="AnimationNodeOneShot_eoek4"]

[sub_resource type="AnimationNodeBlend2" id="AnimationNodeBlend2_ddqy5"]

[sub_resource type="AnimationNodeBlend2" id="AnimationNodeBlend2_i68h2"]

[sub_resource type="AnimationNodeBlend2" id="AnimationNodeBlend2_0tx31"]

[sub_resource type="AnimationNodeBlend2" id="AnimationNodeBlend2_s4dde"]

[sub_resource type="AnimationNodeBlend2" id="AnimationNodeBlend2_a00wc"]

[sub_resource type="AnimationNodeAnimation" id="AnimationNodeAnimation_u752m"]
animation = &"Fall"

[sub_resource type="AnimationNodeAnimation" id="AnimationNodeAnimation_mg1y3"]
animation = &"Jump"

[sub_resource type="Curve" id="Curve_4ao22"]
_data = [Vector2(0, 0), 0.0, 0.0, 0, 0, Vector2(1, 1), 0.0, 0.0, 0, 0]
point_count = 2

[sub_resource type="AnimationNodeStateMachineTransition" id="AnimationNodeStateMachineTransition_5h2jr"]
xfade_time = 0.2
xfade_curve = SubResource("Curve_4ao22")

[sub_resource type="AnimationNodeStateMachineTransition" id="AnimationNodeStateMachineTransition_ln832"]
switch_mode = 1

[sub_resource type="AnimationNodeStateMachineTransition" id="AnimationNodeStateMachineTransition_ju5kq"]

[sub_resource type="AnimationNodeStateMachineTransition" id="AnimationNodeStateMachineTransition_te6lb"]

[sub_resource type="AnimationNodeStateMachineTransition" id="AnimationNodeStateMachineTransition_ft74u"]

[sub_resource type="AnimationNodeStateMachine" id="AnimationNodeStateMachine_doh4d"]
states/Fall/node = SubResource("AnimationNodeAnimation_u752m")
states/Fall/position = Vector2(645, 100)
states/Jump/node = SubResource("AnimationNodeAnimation_mg1y3")
states/Jump/position = Vector2(520, 23)
states/Start/position = Vector2(256, 100)
transitions = ["Jump", "Fall", SubResource("AnimationNodeStateMachineTransition_5h2jr"), "Start", "Jump", SubResource("AnimationNodeStateMachineTransition_ln832"), "Fall", "End", SubResource("AnimationNodeStateMachineTransition_ju5kq"), "Start", "Fall", SubResource("AnimationNodeStateMachineTransition_te6lb"), "Fall", "Jump", SubResource("AnimationNodeStateMachineTransition_ft74u")]
graph_offset = Vector2(-69, -31)

[sub_resource type="AnimationNodeBlendTree" id="AnimationNodeBlendTree_dcbpa"]
graph_offset = Vector2(-943.406, -125.772)
nodes/Add2/node = SubResource("AnimationNodeAdd2_6olxp")
nodes/Add2/position = Vector2(1280, 100)
nodes/Animation/node = SubResource("AnimationNodeAnimation_g6wpn")
nodes/Animation/position = Vector2(756, 16)
"nodes/Animation 2/node" = SubResource("AnimationNodeAnimation_6eu5d")
"nodes/Animation 2/position" = Vector2(-3360, 520)
"nodes/Animation 3/node" = SubResource("AnimationNodeAnimation_50wh4")
"nodes/Animation 3/position" = Vector2(-3080, -180)
"nodes/Animation 4/node" = SubResource("AnimationNodeAnimation_0ktk1")
"nodes/Animation 4/position" = Vector2(-3080, -400)
"nodes/Animation 5/node" = SubResource("AnimationNodeAnimation_4435m")
"nodes/Animation 5/position" = Vector2(-3080, -200)
"nodes/Animation 6/node" = SubResource("AnimationNodeAnimation_542aa")
"nodes/Animation 6/position" = Vector2(-3080, 0)
"nodes/Animation 7/node" = SubResource("AnimationNodeAnimation_u7nvj")
"nodes/Animation 7/position" = Vector2(-3080, 200)
nodes/PlayerBot/node = SubResource("AnimationNodeBlendTree_2m0ar")
nodes/PlayerBot/position = Vector2(-1020, -40)
nodes/PlayerTop/node = SubResource("AnimationNodeBlendTree_a0vwq")
nodes/PlayerTop/position = Vector2(-880, 100)
"nodes/TimeScale 2/node" = SubResource("AnimationNodeTimeScale_0h8p5")
"nodes/TimeScale 2/position" = Vector2(-2800, -220)
"nodes/TimeScale 3/node" = SubResource("AnimationNodeTimeScale_3o6pb")
"nodes/TimeScale 3/position" = Vector2(-3080, 500)
"nodes/TimeScale 4/node" = SubResource("AnimationNodeTimeScale_8e1wm")
"nodes/TimeScale 4/position" = Vector2(-2800, 180)
"nodes/TimeScale 5/node" = SubResource("AnimationNodeTimeScale_etkup")
"nodes/TimeScale 5/position" = Vector2(-2340, -260)
nodes/TopBot/node = SubResource("AnimationNodeAdd2_a8ymg")
nodes/TopBot/position = Vector2(-465.037, -72.0767)
nodes/land/node = SubResource("AnimationNodeOneShot_eoek4")
nodes/land/position = Vector2(-2560, 400)
nodes/landidle/node = SubResource("AnimationNodeBlend2_ddqy5")
nodes/landidle/position = Vector2(-1760, -80)
nodes/output/position = Vector2(1540, 120)
nodes/speed/node = SubResource("AnimationNodeBlend2_i68h2")
nodes/speed/position = Vector2(-2560, 120)
nodes/swim/node = SubResource("AnimationNodeBlend2_0tx31")
nodes/swim/position = Vector2(-2020, 60)
nodes/swim_speed/node = SubResource("AnimationNodeBlend2_s4dde")
nodes/swim_speed/position = Vector2(-2100, -320)
nodes/vertical/node = SubResource("AnimationNodeBlend2_a00wc")
nodes/vertical/position = Vector2(-2300, 80)
nodes/verticalstatemachine/node = SubResource("AnimationNodeStateMachine_doh4d")
nodes/verticalstatemachine/position = Vector2(-3080, 320)
node_connections = [&"output", 0, &"Add2", &"Add2", 0, &"Animation", &"Add2", 1, &"TopBot", &"TimeScale 2", 0, &"Animation 3", &"TimeScale 3", 0, &"Animation 2", &"TimeScale 4", 0, &"Animation 7", &"TimeScale 5", 0, &"Animation 4", &"TopBot", 0, &"PlayerBot", &"TopBot", 1, &"PlayerTop", &"land", 0, &"TimeScale 2", &"land", 1, &"TimeScale 3", &"landidle", 0, &"swim", &"landidle", 1, &"land", &"speed", 0, &"Animation 6", &"speed", 1, &"TimeScale 4", &"swim", 0, &"vertical", &"swim", 1, &"swim_speed", &"swim_speed", 0, &"Animation 5", &"swim_speed", 1, &"TimeScale 5", &"vertical", 0, &"speed", &"vertical", 1, &"verticalstatemachine"]

[sub_resource type="AnimationNodeStateMachinePlayback" id="AnimationNodeStateMachinePlayback_etfuy"]

[sub_resource type="AnimationNodeStateMachinePlayback" id="AnimationNodeStateMachinePlayback_u8g5x"]

[sub_resource type="AnimationNodeStateMachinePlayback" id="AnimationNodeStateMachinePlayback_h2wqu"]

[sub_resource type="SceneReplicationConfig" id="SceneReplicationConfig_ycw4q"]
properties/0/path = NodePath("AnimationTree:parameters/vertical/blend_amount")
properties/0/spawn = true
properties/0/sync = true
properties/1/path = NodePath("AnimationTree:parameters/strike/active")
properties/1/spawn = true
properties/1/sync = true
properties/2/path = NodePath("AnimationTree:parameters/speed/blend_amount")
properties/2/spawn = true
properties/2/sync = true
properties/3/path = NodePath("AnimationTree:parameters/landidle/blend_amount")
properties/3/spawn = true
properties/3/sync = true
properties/4/path = NodePath("AnimationTree:parameters/land/active")
properties/4/spawn = true
properties/4/sync = true
properties/5/path = NodePath("RunTrail:emitting")
properties/5/spawn = true
properties/5/sync = true
properties/6/path = NodePath("AnimationTree:parameters/aim/add_amount")
properties/6/spawn = true
properties/6/sync = true

[sub_resource type="SphereMesh" id="SphereMesh_ep8by"]
radius = 0.063
height = 0.125

[node name="PlayerModel" instance=ExtResource("1_yr3ub")]
script = ExtResource("2_oqrot")
attachmentPoints = [NodePath("HandL"), NodePath("HandR")]

[node name="Skeleton3D" parent="root" index="0"]
bones/0/rest = Transform3D(-6.91414e-06, 0.140677, 0.990056, 7.6741e-07, 0.990056, -0.140677, -1, -2.08616e-07, -6.91414e-06, 0.00629979, 0.465994, -2.75373e-10)
bones/0/position = Vector3(0.00593134, 0.344687, 4.41823e-09)
bones/0/rotation = Quaternion(-0.0437847, 0.705752, 0.0437842, 0.705747)
bones/0/scale = Vector3(1, 1, 1)
bones/1/rest = Transform3D(1, 1.7171e-06, -2.9305e-06, -1.1694e-06, 0.984106, 0.177583, 3.18885e-06, -0.177583, 0.984106, -3.83024e-08, 0.185363, -0.00385938)
bones/1/position = Vector3(-4.05897e-08, 0.185363, -0.00385937)
bones/1/rotation = Quaternion(0.0623886, -3.41998e-06, 2.09932e-07, 0.998052)
bones/2/rest = Transform3D(1, -9.01384e-07, 2.29689e-07, 8.97248e-07, 0.999848, 0.0174128, -2.4535e-07, -0.0174128, 0.999848, -8.24341e-15, 0.185403, 8.32667e-17)
bones/2/position = Vector3(-8.24341e-15, 0.185403, 8.32667e-17)
bones/2/rotation = Quaternion(-0.00870673, 1.18764e-07, 4.49675e-07, 0.999962)
bones/2/scale = Vector3(1, 1, 1)
bones/3/rest = Transform3D(1, 2.74725e-07, 4.50475e-07, -3.30337e-07, 0.991708, 0.128508, -4.11435e-07, -0.128508, 0.991709, 4.39864e-12, 0.154525, 5.89811e-06)
bones/3/position = Vector3(4.39864e-12, 0.154525, 5.89811e-06)
bones/3/rotation = Quaternion(-0.0643876, 2.15925e-07, -1.5158e-07, 0.997925)
bones/3/scale = Vector3(1, 1, 1)
bones/4/rest = Transform3D(0.999899, -0.00298096, 0.0138743, 0.00796632, 0.927011, -0.374948, -0.0117439, 0.375021, 0.926942, -5.68434e-14, 0.185403, 2.23518e-08)
bones/4/position = Vector3(1.3666e-08, 0.197823, 0.0017134)
bones/4/rotation = Quaternion(0.191014, 0.00652485, 0.00278823, 0.981562)
bones/4/scale = Vector3(1, 1, 1)
bones/5/rest = Transform3D(1, -7.49578e-07, -1.79695e-08, 7.37557e-07, 0.979085, 0.20345, -1.34908e-07, -0.20345, 0.979085, -4.79701e-12, 0.09924, 2.4743e-06)
bones/5/position = Vector3(-4.79701e-12, 0.09924, 2.4743e-06)
bones/5/rotation = Quaternion(-0.102261, 2.93887e-08, 3.73743e-07, 0.994758)
bones/5/scale = Vector3(1, 1, 1)
bones/6/rest = Transform3D(0.469777, -0.882608, 0.0177005, -0.354195, -0.170082, 0.919575, -0.808613, -0.438265, -0.392516, -7.25277e-08, 0.202391, -0.241136)
bones/6/position = Vector3(-7.25277e-08, 0.202391, -0.241136)
bones/6/rotation = Quaternion(0.712807, -0.433779, -0.277394, -0.47623)
bones/6/scale = Vector3(1, 1, 1)
bones/7/rest = Transform3D(0.829168, 0.547287, -0.113828, -0.55165, 0.834033, -0.00838778, 0.0903457, 0.069748, 0.993465, -5.21541e-08, 0.0889291, -9.60426e-08)
bones/7/position = Vector3(-5.21541e-08, 0.0889291, -9.60426e-08)
bones/7/rotation = Quaternion(0.0204304, -0.0533859, -0.287343, 0.956121)
bones/7/scale = Vector3(1, 0.999999, 1)
bones/8/rest = Transform3D(0.996073, 0.0707614, -0.0532152, -0.0690958, 0.99708, 0.0325159, 0.0553607, -0.0287112, 0.998054, -1.49012e-08, 0.117215, -8.2422e-08)
bones/8/position = Vector3(-1.49012e-08, 0.117215, -8.2422e-08)
bones/8/rotation = Quaternion(-0.0153236, -0.0271739, -0.0350028, 0.9989)
bones/9/rest = Transform3D(0.467982, 0.882608, -0.0446789, 0.406475, -0.170081, 0.897692, 0.784711, -0.438264, -0.438353, -0.00848997, 0.202391, -0.241136)
bones/9/position = Vector3(-0.00848997, 0.202391, -0.241136)
bones/9/rotation = Quaternion(0.720489, 0.447295, 0.256781, -0.463559)
bones/10/rest = Transform3D(0.824033, -0.542372, 0.163713, 0.551558, 0.834033, -0.0131045, -0.129435, 0.101096, 0.986421, -3.72529e-09, 0.0889291, 7.35745e-08)
bones/10/position = Vector3(-3.72529e-09, 0.0889291, 7.35745e-08)
bones/10/rotation = Quaternion(0.0299102, 0.0767785, 0.286511, 0.954527)
bones/10/scale = Vector3(1, 0.999999, 1)
bones/11/rest = Transform3D(0.981889, -0.071004, 0.175648, 0.0649051, 0.99708, 0.0402343, -0.177992, -0.0281051, 0.983631, -3.72529e-08, 0.117215, 9.94187e-08)
bones/11/position = Vector3(-3.72529e-08, 0.117215, 9.94187e-08)
bones/11/rotation = Quaternion(-0.0171653, 0.0888263, 0.0341373, 0.995314)
bones/11/scale = Vector3(1, 1, 1)
bones/12/rest = Transform3D(0.446774, 0.881745, 0.15139, -0.147362, -0.0943769, 0.98457, 0.882427, -0.462189, 0.0877706, 0.0721957, 0.029453, 0.0890092)
bones/12/position = Vector3(0.0721957, 0.029453, 0.0890092)
bones/12/rotation = Quaternion(-0.602781, -0.304581, -0.42877, 0.600035)
bones/12/scale = Vector3(1, 1, 1)
bones/13/rest = Transform3D(0.621373, 0.327704, 0.711692, -0.0481136, 0.922577, -0.3828, -0.782036, 0.20362, 0.589032, -3.41142e-06, 0.243814, -1.14904e-05)
bones/13/position = Vector3(-3.41142e-06, 0.243814, -1.14904e-05)
bones/13/rotation = Quaternion(-0.353595, -0.0486008, -0.101702, 0.928582)
bones/13/scale = Vector3(1, 1, 1)
bones/14/rest = Transform3D(1, 4.09782e-08, 4.47035e-08, -4.09782e-08, 1, 8.00937e-08, -4.47035e-08, -8.00937e-08, 1, 4.14439e-06, -5.72994e-06, 2.18552e-05)
bones/14/position = Vector3(4.14439e-06, -5.72994e-06, 2.18552e-05)
bones/14/rotation = Quaternion(-5.82077e-08, 1.67638e-08, -1.67638e-08, 1)
bones/14/scale = Vector3(1, 1, 1)
bones/15/rest = Transform3D(0.848691, 0.528889, -4.44006e-07, -0.528889, 0.848691, -3.47531e-07, 1.93019e-07, 5.29776e-07, 1, 3.06833e-06, 0.220067, 2.85339e-05)
bones/15/position = Vector3(3.06833e-06, 0.220067, 2.85339e-05)
bones/15/rotation = Quaternion(2.23007e-07, -1.69993e-07, -0.275054, 0.961429)
bones/15/scale = Vector3(1, 1, 1)
bones/16/rest = Transform3D(0.88987, 1.80171e-07, 0.456213, 5.0817e-09, 1, -4.04838e-07, -0.456213, 3.62572e-07, 0.88987, 8.10251e-08, 0.133903, -1.95578e-08)
bones/16/position = Vector3(8.10251e-08, 0.133903, -1.95578e-08)
bones/16/rotation = Quaternion(1.97364e-07, 0.234659, -4.50296e-08, 0.972078)
bones/16/scale = Vector3(0.999999, 1, 0.999999)
bones/17/rest = Transform3D(0.889737, -0.00319447, 0.456461, -0.0172855, 0.999022, 0.0406845, -0.456145, -0.0440887, 0.888812, 4.84288e-08, 0.267805, -2.42144e-08)
bones/17/position = Vector3(4.84288e-08, 0.267805, -2.42144e-08)
bones/17/rotation = Quaternion(-0.0218083, 0.234773, -0.00362499, 0.971799)
bones/17/scale = Vector3(0.999999, 0.999999, 0.999999)
bones/18/rest = Transform3D(0.446774, -0.881745, -0.151391, 0.147364, -0.0943769, 0.984569, -0.882427, -0.462189, 0.0877723, -0.072197, 0.0294536, 0.0890055)
bones/18/position = Vector3(-0.072197, 0.0294536, 0.0890055)
bones/18/rotation = Quaternion(-0.602781, 0.30458, 0.42877, 0.600035)
bones/18/scale = Vector3(1, 1, 1)
bones/19/rest = Transform3D(0.61357, -0.303834, -0.728846, 0.0615092, 0.938596, -0.339491, 0.787241, 0.163471, 0.594582, -2.08311e-08, 0.292574, -8.77772e-08)
bones/19/position = Vector3(-2.08311e-08, 0.292574, -8.77772e-08)
bones/19/rotation = Quaternion(0.141767, -0.42733, 0.102977, 0.886954)
bones/19/scale = Vector3(1, 1, 0.999999)
bones/20/rest = Transform3D(1, -1.15484e-07, -3.05474e-07, 1.15484e-07, 1, -6.34231e-07, 3.05474e-07, 6.34231e-07, 1, 1.19954e-06, 1.27869e-05, 1.13296e-06)
bones/20/position = Vector3(1.19954e-06, 1.27869e-05, 1.13296e-06)
bones/20/rotation = Quaternion(3.17116e-07, -1.52737e-07, 5.7742e-08, 1)
bones/20/scale = Vector3(1, 1, 1)
bones/21/rest = Transform3D(0.84869, -0.52889, -5.94524e-07, 0.52889, 0.84869, -7.25247e-07, 8.88142e-07, 3.01072e-07, 1, -1.91616e-06, 0.220086, 1.13277e-05)
bones/21/position = Vector3(-1.91616e-06, 0.220086, 1.13277e-05)
bones/21/rotation = Quaternion(2.66873e-07, -3.85537e-07, 0.275054, 0.961429)
bones/22/rest = Transform3D(0.889871, 7.96831e-08, -0.456213, 8.71336e-08, 1, 3.44622e-07, 0.456213, -3.4642e-07, 0.889871, -3.07336e-08, 0.133903, 1.70432e-07)
bones/22/position = Vector3(-3.07336e-08, 0.133903, 1.70432e-07)
bones/22/rotation = Quaternion(-1.77723e-07, -0.234659, 1.91611e-09, 0.972078)
bones/22/scale = Vector3(1, 1, 1)
bones/23/rest = Transform3D(0.889738, 0.003195, -0.456461, 0.0172858, 0.999023, 0.0406863, 0.456145, -0.0440904, 0.888813, -9.68575e-08, 0.267805, -4.84288e-08)
bones/23/position = Vector3(-9.68575e-08, 0.267805, -4.84288e-08)
bones/23/rotation = Quaternion(-0.0218092, -0.234772, 0.00362493, 0.971799)
bones/23/scale = Vector3(1, 1, 1)
bones/24/rest = Transform3D(0.368834, 0.122427, 0.9214, 0.0209332, -0.992131, 0.123446, 0.929281, -0.0262426, -0.368487, 0.168477, -8.64653e-06, -0.000235289)
bones/24/position = Vector3(0.168477, -8.64653e-06, -0.000235289)
bones/24/rotation = Quaternion(0.673537, 0.488644, 0.493557, 0.252936)
bones/24/scale = Vector3(1.00002, 1, 1)
bones/25/rest = Transform3D(0.990702, -0.13605, 9.34657e-07, 0.13605, 0.990702, -2.38618e-06, -6.01327e-07, 2.49115e-06, 1, -1.69966e-08, 0.164137, -6.1933e-08)
bones/25/position = Vector3(-1.69966e-08, 0.164137, -6.1933e-08)
bones/25/rotation = Quaternion(-0.0515266, 0.112509, 0.585904, 0.800877)
bones/25/scale = Vector3(1, 1, 1)
bones/26/rest = Transform3D(-0.344139, 0.774042, 0.531438, -0.0465479, 0.55125, -0.83304, -0.937764, -0.311419, -0.153677, -0.0414817, 0.154147, 0.0230306)
bones/26/position = Vector3(-0.00781621, 0.161313, 0.00313831)
bones/26/rotation = Quaternion(0.34898, 0.614467, -0.53973, 0.45753)
bones/26/scale = Vector3(1, 1, 1)
bones/27/rest = Transform3D(-1, 1.96342e-07, 1.80359e-06, -9.8553e-08, 0.98678, -0.162065, -1.81157e-06, -0.162065, -0.98678, 6.0536e-09, 0.250972, 8.84756e-09)
bones/27/position = Vector3(6.0536e-09, 0.250972, 8.84756e-09)
bones/27/rotation = Quaternion(2.45284e-08, 0.99669, -0.0813017, 9.06793e-07)
bones/27/scale = Vector3(1, 1, 1)
bones/28/rest = Transform3D(1, 3.35276e-08, 6.42613e-08, -3.35276e-08, 1, -1.08033e-07, -6.42613e-08, 1.08033e-07, 1, 9.31323e-10, 0.0799912, -1.81608e-08)
bones/28/position = Vector3(9.31323e-10, 0.0799912, -1.81608e-08)
bones/28/rotation = Quaternion(5.40165e-08, 3.21307e-08, -1.67638e-08, 1)
bones/28/scale = Vector3(1, 1, 1)
bones/29/rotation = Quaternion(-9.58177e-08, -0.229241, 9.16328e-08, 0.97337)
bones/30/rest = Transform3D(0.36886, -0.122427, -0.921388, -0.0209355, -0.992131, 0.123446, -0.929255, -0.0262443, -0.368518, -0.168466, -3.39317e-06, 0.000235811)
bones/30/position = Vector3(-0.168466, -3.39317e-06, 0.000235811)
bones/30/rotation = Quaternion(0.826332, -0.046936, -0.559793, -0.0400652)
bones/30/scale = Vector3(1.00001, 1, 1)
bones/31/rest = Transform3D(0.990702, 0.136049, -4.24844e-07, -0.136049, 0.990702, -5.02874e-06, -2.63261e-07, 5.03978e-06, 1, -9.42964e-09, 0.164137, 4.60423e-08)
bones/31/position = Vector3(-9.42964e-09, 0.164137, 4.60423e-08)
bones/31/rotation = Quaternion(0.0162036, -0.0041755, -0.107693, 0.994043)
bones/31/scale = Vector3(1, 1, 1)
bones/32/rest = Transform3D(-0.344154, -0.774074, -0.531383, 0.0465575, 0.55119, -0.83308, 0.937758, -0.311448, -0.153655, 0.0412739, 0.153885, 0.0229307)
bones/32/position = Vector3(0.0167946, 0.145147, 0.0134541)
bones/32/rotation = Quaternion(0.348972, -0.614472, 0.539734, 0.457527)
bones/32/scale = Vector3(1, 1, 1)
bones/33/rest = Transform3D(-1, 9.58493e-07, -7.05385e-07, 1.06014e-06, 0.98678, -0.162065, 5.40722e-07, -0.162065, -0.98678, 6.51926e-09, 0.25097, -1.94414e-08)
bones/33/position = Vector3(6.51926e-09, 0.25097, -1.94414e-08)
bones/33/rotation = Quaternion(5.06334e-07, 0.99669, -0.0813017, -3.12562e-07)
bones/33/scale = Vector3(1, 1, 1)
bones/35/rest = Transform3D(1, 7.45058e-09, -4.92437e-08, -7.45058e-09, 1, -5.58794e-08, 4.92437e-08, 5.58794e-08, 1, -1.86265e-09, -4.23752e-08, 2.35159e-08)
bones/35/position = Vector3(-1.86265e-09, -4.23752e-08, 2.35159e-08)
bones/35/rotation = Quaternion(2.79397e-08, -2.46218e-08, -3.72529e-09, 1)
bones/35/scale = Vector3(1, 1, 1)
script = ExtResource("1_wbk7d")

[node name="Head" type="BoneAttachment3D" parent="root/Skeleton3D" index="6"]
transform = Transform3D(-0.0127744, 0.03421, 0.999333, 0.00618248, 0.999398, -0.0341332, -0.999899, 0.00574232, -0.0129783, -0.026628, 1.16046, 0.000295917)
bone_name = "head.x"
bone_idx = 5

[node name="Physical Bone root_x" type="PhysicalBone3D" parent="root/Skeleton3D" index="7"]
transform = Transform3D(-1.71313e-05, 1.00345, -0.0215667, 5.22669e-07, -0.0215707, -1.00253, -0.999409, -1.68539e-05, -1.43802e-07, -0.00500063, 0.690272, 2.93921e-08)
collision_layer = 256
collision_mask = 256
joint_offset = Transform3D(1, 0, 0, 0, 1, 0, 0, 0, 1, -3.33074e-07, 0.0182948, 0.344318)
body_offset = Transform3D(0.999409, 1.00292e-05, 1.43315e-06, 2.93099e-06, -0.145435, -0.992179, -1.00552e-05, 0.993085, -0.145318, -3.44067e-07, 0.344286, 0.0318674)
bone_name = "root.x"

[node name="CollisionShape3D" type="CollisionShape3D" parent="root/Skeleton3D/Physical Bone root_x" index="0"]
transform = Transform3D(1, 0, 0, 0, 0, 1, 0, -1, 0, 0, 0, 0)
shape = SubResource("CapsuleShape3D_bdt4x")

[node name="Physical Bone spine_01_x" type="PhysicalBone3D" parent="root/Skeleton3D" index="8"]
transform = Transform3D(-0.716644, 0.697654, 0.0415896, 0.491187, 0.543757, -0.681244, -0.498391, -0.467097, -0.730435, -0.0158958, 0.769117, 0.205704)
collision_layer = 256
collision_mask = 256
joint_type = 1
joint_offset = Transform3D(1, 0, 0, 0, 1, 0, 0, 0, 1, -0.0121611, -0.038278, 0.314393)
body_offset = Transform3D(0.498391, 0.467096, 0.730436, 0.490515, 0.544411, -0.681205, -0.717105, 0.697143, 0.0422284, -0.205704, 0.24097, 0.00468814)
bone_name = "spine_01.x"
joint_constraints/bias = 0.3
joint_constraints/damping = 1.0
joint_constraints/impulse_clamp = 0.0

[node name="CollisionShape3D" type="CollisionShape3D" parent="root/Skeleton3D/Physical Bone spine_01_x" index="0"]
transform = Transform3D(1, 0, 0, 0, 0, 1, 0, -1, 0, 0, 0, 0)
shape = SubResource("CapsuleShape3D_rcvrg")

[node name="Physical Bone spine_02_x" type="PhysicalBone3D" parent="root/Skeleton3D" index="9"]
transform = Transform3D(-0.71229, 0.691894, 0.0939795, 0.483011, 0.586992, -0.649136, -0.503399, -0.417737, -0.751851, -0.0249964, 0.887182, 0.330812)
collision_layer = 256
collision_mask = 256
joint_type = 1
joint_offset = Transform3D(1, 0, 0, 0, 1, 0, 0, 0, 1, 0.0807273, 0.0400054, 0.363719)
body_offset = Transform3D(0.503399, 0.417737, 0.751851, 0.49468, 0.575513, -0.650597, -0.704236, 0.701471, 0.0832722, -0.330812, 0.173676, -0.00149921)
bone_name = "spine_02.x"
joint_constraints/bias = 0.3
joint_constraints/damping = 1.0
joint_constraints/impulse_clamp = 0.0

[node name="CollisionShape3D" type="CollisionShape3D" parent="root/Skeleton3D/Physical Bone spine_02_x" index="0"]
transform = Transform3D(1, 0, 0, 0, 0, 1, 0, -1, 0, 0, 0, 0)
shape = SubResource("CapsuleShape3D_38uhh")

[node name="Physical Bone spine_03_x" type="PhysicalBone3D" parent="root/Skeleton3D" index="10"]
transform = Transform3D(-0.714535, 0.675358, 0.182421, 0.482278, 0.663434, -0.569388, -0.5054, -0.318744, -0.802734, -0.0491934, 0.991879, 0.465051)
collision_layer = 256
collision_mask = 256
joint_type = 1
joint_offset = Transform3D(1, 0, 0, 0, 1, 0, 0, 0, 1, 0.156742, 0.083485, 0.447499)
body_offset = Transform3D(0.5054, 0.318744, 0.802734, 0.580678, 0.558627, -0.589805, -0.637153, 0.764322, 0.0980337, -0.46505, 0.126283, -0.00781055)
bone_name = "spine_03.x"
joint_constraints/bias = 0.3
joint_constraints/damping = 1.0
joint_constraints/impulse_clamp = 0.0

[node name="CollisionShape3D" type="CollisionShape3D" parent="root/Skeleton3D/Physical Bone spine_03_x" index="0"]
transform = Transform3D(1, 0, 0, 0, 0, 1, 0, -1, 0, 0, 0, 0)
shape = SubResource("CapsuleShape3D_7024q")

[node name="Physical Bone neck_x" type="PhysicalBone3D" parent="root/Skeleton3D" index="11"]
transform = Transform3D(-0.626964, 0.646376, -0.426518, 0.457126, -0.138098, -0.871154, -0.627195, -0.748075, -0.207645, -0.0338737, 1.16797, 0.525899)
collision_layer = 256
collision_mask = 256
joint_type = 1
joint_offset = Transform3D(1, 0, 0, 0, 1, 0, 0, 0, 1, 0.293671, 0.398428, 0.210239)
body_offset = Transform3D(0.637967, 0.738889, 0.207688, 0.293781, 0.0166682, -0.947993, -0.708599, 0.67101, -0.205226, -0.525411, 0.106389, -0.0161077)
bone_name = "neck.x"
joint_constraints/bias = 0.3
joint_constraints/damping = 1.0
joint_constraints/impulse_clamp = 0.0

[node name="CollisionShape3D" type="CollisionShape3D" parent="root/Skeleton3D/Physical Bone neck_x" index="0"]
transform = Transform3D(1, 0, 0, 0, 0, 1, 0, -1, 0, 0, 0, 0)
shape = SubResource("CapsuleShape3D_14lvf")

[node name="Physical Bone head_x" type="PhysicalBone3D" parent="root/Skeleton3D" index="12"]
transform = Transform3D(-0.628543, 0.686335, 0.367021, 0.457856, 0.709225, -0.538732, -0.628107, -0.170239, -0.759752, -0.0716323, 1.29359, 0.654456)
collision_layer = 256
collision_mask = 256
joint_type = 1
joint_offset = Transform3D(1, 0, 0, 0, 1, 0, 0, 0, 1, 0.321964, 0.0480929, 0.584066)
body_offset = Transform3D(0.638903, 0.16584, 0.751656, 0.432471, 0.7313, -0.530215, -0.6356, 0.663878, 0.395025, -0.652696, 0.13527, -0.0580085)
bone_name = "head.x"
joint_constraints/bias = 0.3
joint_constraints/damping = 1.0
joint_constraints/impulse_clamp = 0.0

[node name="CollisionShape3D" type="CollisionShape3D" parent="root/Skeleton3D/Physical Bone head_x" index="0"]
transform = Transform3D(1, 0, 0, 0, 0, 1, 0, -1, 0, 0, 0, 0)
shape = SubResource("CapsuleShape3D_clro6")

[node name="Physical Bone band_attach_r" type="PhysicalBone3D" parent="root/Skeleton3D" index="13"]
transform = Transform3D(-0.980928, -0.0273193, -0.187955, -0.13411, 0.807614, 0.572765, 0.138282, 0.587898, -0.795425, -0.121467, 1.35341, 0.810032)
collision_layer = 256
collision_mask = 256
joint_type = 1
joint_offset = Transform3D(1, 0, 0, 0, 1, 0, 0, 0, 1, 0.0243991, -0.456226, 0.679642)
body_offset = Transform3D(0.790032, -0.509852, 0.336916, 0.568477, 0.403813, -0.716347, 0.228061, 0.75868, 0.607802, -0.480866, 0.657219, -0.072522)
bone_name = "band_attach.r"
joint_constraints/bias = 0.3
joint_constraints/damping = 1.0
joint_constraints/impulse_clamp = 0.0

[node name="CollisionShape3D" type="CollisionShape3D" parent="root/Skeleton3D/Physical Bone band_attach_r" index="0"]
transform = Transform3D(1, 0, 0, 0, 0, 1, 0, -1, 0, 0, 0, 0)
shape = SubResource("CapsuleShape3D_bgdk6")

[node name="Physical Bone band_top_r" type="PhysicalBone3D" parent="root/Skeleton3D" index="14"]
transform = Transform3D(-0.934499, 0.0832523, 0.387953, 0.282937, 0.834057, 0.502558, -0.277336, 0.570462, -0.791865, -0.135892, 1.30304, 0.896348)
collision_layer = 256
collision_mask = 256
joint_type = 1
joint_offset = Transform3D(1, 0, 0, 0, 1, 0, 0, 0, 1, 0.382037, -0.420605, 0.589707)
body_offset = Transform3D(0.662684, -0.617255, 0.457138, 0.578559, 0.00301448, -0.834338, 0.506337, 0.804361, 0.353594, -0.782367, 0.272252, -0.0636384)
bone_name = "band_top.r"
joint_constraints/bias = 0.3
joint_constraints/damping = 1.0
joint_constraints/impulse_clamp = 0.0

[node name="CollisionShape3D" type="CollisionShape3D" parent="root/Skeleton3D/Physical Bone band_top_r" index="0"]
transform = Transform3D(1, 0, 0, 0, 0, 1, 0, -1, 0, 0, 0, 0)
shape = SubResource("CapsuleShape3D_lnkvy")

[node name="Physical Bone band_attach_l" type="PhysicalBone3D" parent="root/Skeleton3D" index="15"]
transform = Transform3D(0.391237, -0.0284889, 0.918649, 0.608025, 0.759221, -0.234313, -0.691523, 0.652748, 0.311238, -0.166295, 1.39322, 0.773222)
collision_layer = 256
collision_mask = 256
joint_type = 1
joint_offset = Transform3D(1, 0, 0, 0, 1, 0, 0, 0, 1, 0.474834, -0.508615, -0.320622)
body_offset = Transform3D(0.871393, -0.0428534, 0.490006, 0.338048, -0.673574, -0.656209, 0.356879, 0.740115, -0.570064, -0.278456, -0.713501, 0.0242002)
bone_name = "band_attach.l"
joint_constraints/bias = 0.3
joint_constraints/damping = 1.0
joint_constraints/impulse_clamp = 0.0

[node name="CollisionShape3D" type="CollisionShape3D" parent="root/Skeleton3D/Physical Bone band_attach_l" index="0"]
transform = Transform3D(1, 0, 0, 0, 0, 1, 0, -1, 0, 0, 0, 0)
shape = SubResource("CapsuleShape3D_bdqym")

[node name="Physical Bone band_top_l" type="PhysicalBone3D" parent="root/Skeleton3D" index="16"]
transform = Transform3D(-0.184793, 0.0489672, 0.996402, 0.541254, 0.856394, 0.0585817, -0.839537, 0.540846, -0.183323, -0.265269, 1.38664, 0.76002)
collision_layer = 256
collision_mask = 256
joint_type = 1
joint_offset = Transform3D(1, 0, 0, 0, 1, 0, 0, 0, 1, 0.662399, -0.460044, 0.109558)
body_offset = Transform3D(0.719686, -0.357444, 0.62141, 0.420552, -0.500472, -0.775402, 0.580617, 0.806279, -0.206053, -0.709239, -0.42386, 0.00889862)
bone_name = "band_top.l"
joint_constraints/bias = 0.3
joint_constraints/damping = 1.0
joint_constraints/impulse_clamp = 0.0

[node name="CollisionShape3D" type="CollisionShape3D" parent="root/Skeleton3D/Physical Bone band_top_l" index="0"]
transform = Transform3D(1, 0, 0, 0, 0, 1, 0, -1, 0, 0, 0, 0)
shape = SubResource("CapsuleShape3D_dxnhe")

[node name="Physical Bone shoulder_l" type="PhysicalBone3D" parent="root/Skeleton3D" index="17"]
transform = Transform3D(-0.0427288, -0.187446, 0.980219, 0.642038, 0.746484, 0.171014, -0.764858, 0.637865, 0.0883234, -0.158878, 0.963223, 0.387873)
collision_layer = 256
collision_mask = 256
joint_type = 1
joint_offset = Transform3D(1, 0, 0, 0, 1, 0, 0, 0, 1, 0.308408, -0.374411, 0.165782)
body_offset = Transform3D(0.291938, -0.466087, 0.834232, 0.590434, -0.598951, -0.540168, 0.751801, 0.65059, 0.100756, -0.402845, -0.316798, -0.00497723)
bone_name = "shoulder.l"
joint_constraints/bias = 0.3
joint_constraints/damping = 1.0
joint_constraints/impulse_clamp = 0.0

[node name="CollisionShape3D" type="CollisionShape3D" parent="root/Skeleton3D/Physical Bone shoulder_l" index="0"]
transform = Transform3D(1, 0, 0, 0, 0, 1, 0, -1, 0, 0, 0, 0)
shape = SubResource("CapsuleShape3D_el4kq")

[node name="Physical Bone arm_stretch_l" type="PhysicalBone3D" parent="root/Skeleton3D" index="18"]
