[gd_scene load_steps=7 format=3 uid="uid://ctelqpslyhno8"]

[ext_resource type="PackedScene" uid="uid://ddllrw5n4lvh2" path="res://Assets/Models/LevelObjects/Entities/Player/Player.glb" id="1_85cho"]
[ext_resource type="Script" path="res://Scripts/PlayerSkeleton.gd" id="1_wbk7d"]

[sub_resource type="CapsuleShape3D" id="CapsuleShape3D_6h7ro"]
radius = 0.00972228
height = 0.0972228

[sub_resource type="CapsuleShape3D" id="CapsuleShape3D_hrb1g"]
radius = 0.0118214
height = 0.118214

[sub_resource type="CapsuleShape3D" id="CapsuleShape3D_8pl1t"]
radius = 0.00972227
height = 0.0972227

[sub_resource type="CapsuleShape3D" id="CapsuleShape3D_ks8fc"]
radius = 0.0118214
height = 0.118214

[node name="PlayerModel" instance=ExtResource("1_85cho")]

[node name="Skeleton3D" parent="root" index="0"]
script = ExtResource("1_wbk7d")

[node name="Physical Bone band_attachr" type="PhysicalBone3D" parent="root/Skeleton3D" index="6"]
transform = Transform3D(0.860112, -0.0247428, 0.509504, -0.226894, 0.876027, 0.425571, -0.456865, -0.481647, 0.74786, -0.0247644, 1.26949, -0.182382)
collision_layer = 0
collision_mask = 0
joint_type = 1
joint_offset = Transform3D(1, 0, 0, 0, 1, 0, 0, 0, 1, -2.89414e-06, 1.37008e-07, 0.0486098)
body_offset = Transform3D(1, 1.38581e-06, -2.38419e-07, 1.78814e-07, 1.3113e-06, -1, -4.32134e-07, 1.00001, 2.08616e-06, 2.90573e-06, 0.0486098, -2.38419e-07)
gravity_scale = 0.0
angular_damp = 15.0
bone_name = "band_attach.r"
joint_constraints/bias = 0.3
joint_constraints/damping = 1.0
joint_constraints/impulse_clamp = 0.0

[node name="CollisionShape3D" type="CollisionShape3D" parent="root/Skeleton3D/Physical Bone band_attachr" index="0"]
transform = Transform3D(1, 0, 0, 0, 0, 1, 0, -1, 0, 0, 0, 0)
shape = SubResource("CapsuleShape3D_6h7ro")

[node name="Physical Bone band_topr" type="PhysicalBone3D" parent="root/Skeleton3D" index="7"]
transform = Transform3D(0.848589, -0.00367109, 0.52895, -0.145683, 0.959579, 0.24, -0.50864, -0.280928, 0.813879, -0.0808069, 1.23461, -0.266843)
collision_layer = 0
collision_mask = 0
joint_type = 1
joint_offset = Transform3D(1, 0, 0, 0, 1, 0, 0, 0, 1, 3.61375e-06, 1.26839e-05, 0.0591142)
body_offset = Transform3D(1.00002, -1.84923e-05, -6.65486e-05, 7.48038e-06, 5.37485e-05, -0.999894, 2.68221e-07, 0.999863, -0.00023067, 3.20375e-07, 0.0591079, 9.53674e-07)
angular_damp = 15.0
bone_name = "band_top.r"
joint_constraints/bias = 0.3
joint_constraints/damping = 1.0
joint_constraints/impulse_clamp = 0.0

[node name="CollisionShape3D" type="CollisionShape3D" parent="root/Skeleton3D/Physical Bone band_topr" index="0"]
transform = Transform3D(1, 0, 0, 0, 0, 1, 0, -1, 0, 0, 0, 0)
shape = SubResource("CapsuleShape3D_hrb1g")

[node name="Physical Bone band_attachl" type="PhysicalBone3D" parent="root/Skeleton3D" index="8"]
transform = Transform3D(0.860112, -0.0247321, -0.509504, 0.276879, 0.861511, 0.42557, 0.428422, -0.507101, 0.747861, 0.0176925, 1.2695, -0.182385)
collision_layer = 0
collision_mask = 0
joint_type = 1
joint_offset = Transform3D(1, 0, 0, 0, 1, 0, 0, 0, 1, 7.78633e-08, -5.5098e-06, 0.0486113)
body_offset = Transform3D(1, 8.37445e-06, 2.38419e-07, -5.06639e-07, 6.85453e-06, -1, 5.96046e-08, 0.999982, 5.36442e-07, -8.9407e-08, 0.0486113, 5.48363e-06)
gravity_scale = 0.0
angular_damp = 15.0
bone_name = "band_attach.l"
joint_constraints/bias = 0.3
joint_constraints/damping = 1.0
joint_constraints/impulse_clamp = 0.0

[node name="CollisionShape3D" type="CollisionShape3D" parent="root/Skeleton3D/Physical Bone band_attachl" index="0"]
transform = Transform3D(1, 0, 0, 0, 0, 1, 0, -1, 0, 0, 0, 0)
shape = SubResource("CapsuleShape3D_8pl1t")

[node name="Physical Bone band_topl" type="PhysicalBone3D" parent="root/Skeleton3D" index="9"]
transform = Transform3D(0.848575, -0.00327719, -0.529062, 0.153878, 0.958461, 0.240238, 0.506203, -0.285276, 0.813866, 0.0737317, 1.2346, -0.266841)
collision_layer = 0
collision_mask = 0
joint_type = 1
joint_offset = Transform3D(1, 0, 0, 0, 1, 0, 0, 0, 1, 3.9373e-08, 4.71455e-06, 0.0591069)
body_offset = Transform3D(1, 0.000297576, -5.96046e-08, -8.9407e-08, 0.000185087, -1, 0, 1.00002, 9.08971e-07, -3.72529e-08, 0.0591069, -4.76837e-06)
angular_damp = 15.0
bone_name = "band_top.l"
joint_constraints/bias = 0.3
joint_constraints/damping = 1.0
joint_constraints/impulse_clamp = 0.0

[node name="CollisionShape3D" type="CollisionShape3D" parent="root/Skeleton3D/Physical Bone band_topl" index="0"]
transform = Transform3D(1, 0, 0, 0, 0, 1, 0, -1, 0, 0, 0, 0)
shape = SubResource("CapsuleShape3D_ks8fc")
