[gd_scene load_steps=86 format=3 uid="uid://bryply5pm5nlg"]

[ext_resource type="Script" path="res://Scripts/PlayerSkeleton.gd" id="1_wbk7d"]
[ext_resource type="PackedScene" uid="uid://c0hc88bv6i8f3" path="res://Assets/Models/LevelObjects/Entities/Player/Player.blend" id="1_yr3ub"]
[ext_resource type="Script" path="res://Scripts/Players/PlayerModel.gd" id="2_oqrot"]
[ext_resource type="AudioStream" uid="uid://btxrdugeymdpx" path="res://Assets/Sounds/sfx/Hit.mp3" id="4_52v3t"]

[sub_resource type="CapsuleShape3D" id="CapsuleShape3D_nosk5"]
radius = 0.0185403
height = 0.185403

[sub_resource type="CapsuleShape3D" id="CapsuleShape3D_l5ynt"]
radius = 0.0185403
height = 0.185403

[sub_resource type="CapsuleShape3D" id="CapsuleShape3D_abp5q"]
radius = 0.0154525
height = 0.154525

[sub_resource type="CapsuleShape3D" id="CapsuleShape3D_qtmw6"]
radius = 0.0185403
height = 0.185403

[sub_resource type="CapsuleShape3D" id="CapsuleShape3D_myhry"]
radius = 0.009924
height = 0.09924

[sub_resource type="CapsuleShape3D" id="CapsuleShape3D_rhxdi"]
radius = 0.0314815
height = 0.314815

[sub_resource type="CapsuleShape3D" id="CapsuleShape3D_14l4g"]
radius = 0.00889291
height = 0.0889291

[sub_resource type="CapsuleShape3D" id="CapsuleShape3D_kfek2"]
radius = 0.0117215
height = 0.117215

[sub_resource type="CapsuleShape3D" id="CapsuleShape3D_sebg6"]
radius = 0.00889291
height = 0.0889291

[sub_resource type="CapsuleShape3D" id="CapsuleShape3D_rglok"]
radius = 0.0117215
height = 0.117215

[sub_resource type="CapsuleShape3D" id="CapsuleShape3D_6jfpu"]
radius = 0.0243814
height = 0.243814

[sub_resource type="CapsuleShape3D" id="CapsuleShape3D_21ok8"]
radius = 2.29708e-06
height = 2.29708e-05

[sub_resource type="CapsuleShape3D" id="CapsuleShape3D_bpuej"]
radius = 0.0133903
height = 0.133903

[sub_resource type="CapsuleShape3D" id="CapsuleShape3D_aescs"]
radius = 0.0292574
height = 0.292574

[sub_resource type="CapsuleShape3D" id="CapsuleShape3D_8y76p"]
radius = 1.28929e-06
height = 1.28929e-05

[sub_resource type="CapsuleShape3D" id="CapsuleShape3D_nr71q"]
radius = 0.0133903
height = 0.133903

[sub_resource type="CapsuleShape3D" id="CapsuleShape3D_c3ea7"]
radius = 0.0164137
height = 0.164137

[sub_resource type="CapsuleShape3D" id="CapsuleShape3D_wximf"]
radius = 0.0161284
height = 0.161284

[sub_resource type="CapsuleShape3D" id="CapsuleShape3D_vyyby"]
radius = 0.0250972
height = 0.250972

[sub_resource type="CapsuleShape3D" id="CapsuleShape3D_ylyrx"]
radius = 0.0164137
height = 0.164137

[sub_resource type="CapsuleShape3D" id="CapsuleShape3D_5lrac"]
radius = 0.0160966
height = 0.160966

[sub_resource type="CapsuleShape3D" id="CapsuleShape3D_wwdni"]
radius = 0.025097
height = 0.25097

[sub_resource type="AnimationNodeAdd2" id="AnimationNodeAdd2_6olxp"]

[sub_resource type="AnimationNodeAnimation" id="AnimationNodeAnimation_6eu5d"]
animation = &"Land"

[sub_resource type="AnimationNodeAnimation" id="AnimationNodeAnimation_50wh4"]
animation = &"Idle"

[sub_resource type="AnimationNodeAnimation" id="AnimationNodeAnimation_0ktk1"]
animation = &"Swim"

[sub_resource type="AnimationNodeAnimation" id="AnimationNodeAnimation_4435m"]
animation = &"SwimIdle"

[sub_resource type="AnimationNodeAnimation" id="AnimationNodeAnimation_542aa"]
animation = &"Idle"

[sub_resource type="AnimationNodeAnimation" id="AnimationNodeAnimation_u7nvj"]
animation = &"Run"

[sub_resource type="AnimationNodeAnimation" id="AnimationNodeAnimation_g6wpn"]
animation = &"Default"

[sub_resource type="AnimationNodeAnimation" id="AnimationNodeAnimation_5gph2"]
animation = &"Run"

[sub_resource type="AnimationNodeAnimation" id="AnimationNodeAnimation_p8367"]
animation = &"Idle"

[sub_resource type="AnimationNodeBlend2" id="AnimationNodeBlend2_mjjyp"]

[sub_resource type="AnimationNodeBlendTree" id="AnimationNodeBlendTree_2m0ar"]
graph_offset = Vector2(-865, -153)
nodes/Animation/node = SubResource("AnimationNodeAnimation_p8367")
nodes/Animation/position = Vector2(-540, 40)
"nodes/Animation 2/node" = SubResource("AnimationNodeAnimation_5gph2")
"nodes/Animation 2/position" = Vector2(-493.402, 213.759)
nodes/Blend2/node = SubResource("AnimationNodeBlend2_mjjyp")
nodes/Blend2/position = Vector2(-92.2383, 142.018)
node_connections = [&"output", 0, &"Blend2", &"Blend2", 0, &"Animation", &"Blend2", 1, &"Animation 2"]

[sub_resource type="AnimationNodeAnimation" id="AnimationNodeAnimation_1ulf2"]
animation = &"RunArms"

[sub_resource type="AnimationNodeAnimation" id="AnimationNodeAnimation_dt6cg"]
animation = &"IdleTop001"

[sub_resource type="AnimationNodeBlend2" id="AnimationNodeBlend2_dtlo4"]

[sub_resource type="AnimationNodeBlendTree" id="AnimationNodeBlendTree_a0vwq"]
graph_offset = Vector2(-1492.46, -83.8577)
nodes/Animation/node = SubResource("AnimationNodeAnimation_dt6cg")
nodes/Animation/position = Vector2(-800, 40)
"nodes/Animation 2/node" = SubResource("AnimationNodeAnimation_1ulf2")
"nodes/Animation 2/position" = Vector2(-800, 200)
nodes/speed/node = SubResource("AnimationNodeBlend2_dtlo4")
nodes/speed/position = Vector2(-433.502, 120.852)
node_connections = [&"output", 0, &"speed", &"speed", 0, &"Animation", &"speed", 1, &"Animation 2"]

[sub_resource type="AnimationNodeAdd2" id="AnimationNodeAdd2_xpow8"]

[sub_resource type="AnimationNodeTimeScale" id="AnimationNodeTimeScale_0h8p5"]

[sub_resource type="AnimationNodeTimeScale" id="AnimationNodeTimeScale_3o6pb"]

[sub_resource type="AnimationNodeTimeScale" id="AnimationNodeTimeScale_8e1wm"]

[sub_resource type="AnimationNodeTimeScale" id="AnimationNodeTimeScale_etkup"]

[sub_resource type="AnimationNodeTimeScale" id="AnimationNodeTimeScale_dj136"]

[sub_resource type="AnimationNodeAdd2" id="AnimationNodeAdd2_a8ymg"]

[sub_resource type="AnimationNodeAdd2" id="AnimationNodeAdd2_lkmns"]

[sub_resource type="AnimationNodeAnimation" id="AnimationNodeAnimation_bgmt8"]
animation = &"Aim"

[sub_resource type="AnimationNodeAnimation" id="AnimationNodeAnimation_c2yq0"]
animation = &"Release"

[sub_resource type="AnimationNodeStateMachineTransition" id="AnimationNodeStateMachineTransition_5t3jf"]

[sub_resource type="AnimationNodeStateMachineTransition" id="AnimationNodeStateMachineTransition_33hwc"]

[sub_resource type="AnimationNodeStateMachineTransition" id="AnimationNodeStateMachineTransition_lnvpr"]

[sub_resource type="AnimationNodeStateMachineTransition" id="AnimationNodeStateMachineTransition_3vion"]

[sub_resource type="AnimationNodeStateMachine" id="AnimationNodeStateMachine_qrexw"]
states/Aim/node = SubResource("AnimationNodeAnimation_bgmt8")
states/Aim/position = Vector2(403, 100)
states/Release/node = SubResource("AnimationNodeAnimation_c2yq0")
states/Release/position = Vector2(649, 100)
transitions = ["Start", "Aim", SubResource("AnimationNodeStateMachineTransition_5t3jf"), "Aim", "Release", SubResource("AnimationNodeStateMachineTransition_33hwc"), "Release", "Aim", SubResource("AnimationNodeStateMachineTransition_lnvpr"), "Release", "End", SubResource("AnimationNodeStateMachineTransition_3vion")]

[sub_resource type="AnimationNodeOneShot" id="AnimationNodeOneShot_eoek4"]

[sub_resource type="AnimationNodeBlend2" id="AnimationNodeBlend2_ddqy5"]

[sub_resource type="AnimationNodeAnimation" id="AnimationNodeAnimation_y0vsy"]
animation = &"LowerShield"

[sub_resource type="AnimationNodeAnimation" id="AnimationNodeAnimation_2kdyv"]
animation = &"RaiseShield"

[sub_resource type="AnimationNodeStateMachineTransition" id="AnimationNodeStateMachineTransition_yl512"]

[sub_resource type="AnimationNodeStateMachineTransition" id="AnimationNodeStateMachineTransition_jvwfl"]

[sub_resource type="AnimationNodeStateMachineTransition" id="AnimationNodeStateMachineTransition_eibg0"]

[sub_resource type="AnimationNodeStateMachineTransition" id="AnimationNodeStateMachineTransition_synn2"]

[sub_resource type="AnimationNodeStateMachine" id="AnimationNodeStateMachine_wouvj"]
states/Lower/node = SubResource("AnimationNodeAnimation_y0vsy")
states/Lower/position = Vector2(652, 105)
states/Raise/node = SubResource("AnimationNodeAnimation_2kdyv")
states/Raise/position = Vector2(385, 109)
states/Start/position = Vector2(201, 100)
transitions = ["Start", "Raise", SubResource("AnimationNodeStateMachineTransition_yl512"), "Raise", "Lower", SubResource("AnimationNodeStateMachineTransition_jvwfl"), "Lower", "Raise", SubResource("AnimationNodeStateMachineTransition_eibg0"), "Lower", "End", SubResource("AnimationNodeStateMachineTransition_synn2")]

[sub_resource type="AnimationNodeBlend2" id="AnimationNodeBlend2_i68h2"]

[sub_resource type="AnimationNodeBlend2" id="AnimationNodeBlend2_0tx31"]

[sub_resource type="AnimationNodeBlend2" id="AnimationNodeBlend2_s4dde"]

[sub_resource type="AnimationNodeBlend2" id="AnimationNodeBlend2_a00wc"]

[sub_resource type="AnimationNodeAnimation" id="AnimationNodeAnimation_u752m"]
animation = &"Fall"

[sub_resource type="AnimationNodeAnimation" id="AnimationNodeAnimation_mg1y3"]
animation = &"Jump"

[sub_resource type="Curve" id="Curve_4ao22"]
_data = [Vector2(0, 0), 0.0, 0.0, 0, 0, Vector2(1, 1), 0.0, 0.0, 0, 0]
point_count = 2

[sub_resource type="AnimationNodeStateMachineTransition" id="AnimationNodeStateMachineTransition_5h2jr"]
xfade_time = 0.2
xfade_curve = SubResource("Curve_4ao22")

[sub_resource type="AnimationNodeStateMachineTransition" id="AnimationNodeStateMachineTransition_ln832"]
switch_mode = 1

[sub_resource type="AnimationNodeStateMachineTransition" id="AnimationNodeStateMachineTransition_ju5kq"]

[sub_resource type="AnimationNodeStateMachineTransition" id="AnimationNodeStateMachineTransition_te6lb"]

[sub_resource type="AnimationNodeStateMachineTransition" id="AnimationNodeStateMachineTransition_ft74u"]

[sub_resource type="AnimationNodeStateMachine" id="AnimationNodeStateMachine_doh4d"]
states/Fall/node = SubResource("AnimationNodeAnimation_u752m")
states/Fall/position = Vector2(645, 100)
states/Jump/node = SubResource("AnimationNodeAnimation_mg1y3")
states/Jump/position = Vector2(520, 23)
states/Start/position = Vector2(256, 100)
transitions = ["Jump", "Fall", SubResource("AnimationNodeStateMachineTransition_5h2jr"), "Start", "Jump", SubResource("AnimationNodeStateMachineTransition_ln832"), "Fall", "End", SubResource("AnimationNodeStateMachineTransition_ju5kq"), "Start", "Fall", SubResource("AnimationNodeStateMachineTransition_te6lb"), "Fall", "Jump", SubResource("AnimationNodeStateMachineTransition_ft74u")]
graph_offset = Vector2(-69, -31)

[sub_resource type="AnimationNodeBlendTree" id="AnimationNodeBlendTree_dcbpa"]
graph_offset = Vector2(-487, 39)
nodes/Add2/node = SubResource("AnimationNodeAdd2_6olxp")
nodes/Add2/position = Vector2(1140, 60)
nodes/Animation/node = SubResource("AnimationNodeAnimation_g6wpn")
nodes/Animation/position = Vector2(756, 16)
"nodes/Animation 2/node" = SubResource("AnimationNodeAnimation_6eu5d")
"nodes/Animation 2/position" = Vector2(-3360, 520)
"nodes/Animation 3/node" = SubResource("AnimationNodeAnimation_50wh4")
"nodes/Animation 3/position" = Vector2(-3080, -180)
"nodes/Animation 4/node" = SubResource("AnimationNodeAnimation_0ktk1")
"nodes/Animation 4/position" = Vector2(-3080, -400)
"nodes/Animation 5/node" = SubResource("AnimationNodeAnimation_4435m")
"nodes/Animation 5/position" = Vector2(-3080, -200)
"nodes/Animation 6/node" = SubResource("AnimationNodeAnimation_542aa")
"nodes/Animation 6/position" = Vector2(-3080, 0)
"nodes/Animation 7/node" = SubResource("AnimationNodeAnimation_u7nvj")
"nodes/Animation 7/position" = Vector2(-3080, 200)
nodes/PlayerBot/node = SubResource("AnimationNodeBlendTree_2m0ar")
nodes/PlayerBot/position = Vector2(-1020, -40)
nodes/PlayerTop/node = SubResource("AnimationNodeBlendTree_a0vwq")
nodes/PlayerTop/position = Vector2(-880, 100)
nodes/ShieldBlock/node = SubResource("AnimationNodeAdd2_xpow8")
nodes/ShieldBlock/position = Vector2(160, 200)
"nodes/TimeScale 2/node" = SubResource("AnimationNodeTimeScale_0h8p5")
"nodes/TimeScale 2/position" = Vector2(-2800, -220)
"nodes/TimeScale 3/node" = SubResource("AnimationNodeTimeScale_3o6pb")
"nodes/TimeScale 3/position" = Vector2(-3080, 500)
"nodes/TimeScale 4/node" = SubResource("AnimationNodeTimeScale_8e1wm")
"nodes/TimeScale 4/position" = Vector2(-2800, 180)
"nodes/TimeScale 5/node" = SubResource("AnimationNodeTimeScale_etkup")
"nodes/TimeScale 5/position" = Vector2(-2340, -260)
"nodes/TimeScale 6/node" = SubResource("AnimationNodeTimeScale_dj136")
"nodes/TimeScale 6/position" = Vector2(-100, 620)
nodes/TopBot/node = SubResource("AnimationNodeAdd2_a8ymg")
nodes/TopBot/position = Vector2(-465.037, -72.0767)
nodes/aim/node = SubResource("AnimationNodeAdd2_lkmns")
nodes/aim/position = Vector2(540, 140)
nodes/aimingstatemachine/node = SubResource("AnimationNodeStateMachine_qrexw")
nodes/aimingstatemachine/position = Vector2(280, 420)
nodes/land/node = SubResource("AnimationNodeOneShot_eoek4")
nodes/land/position = Vector2(-2560, 400)
nodes/landidle/node = SubResource("AnimationNodeBlend2_ddqy5")
nodes/landidle/position = Vector2(-1760, -80)
nodes/output/position = Vector2(1540, 120)
nodes/shieldstatemachine/node = SubResource("AnimationNodeStateMachine_wouvj")
nodes/shieldstatemachine/position = Vector2(-340, 700)
nodes/speed/node = SubResource("AnimationNodeBlend2_i68h2")
nodes/speed/position = Vector2(-2560, 120)
nodes/swim/node = SubResource("AnimationNodeBlend2_0tx31")
nodes/swim/position = Vector2(-2020, 60)
nodes/swim_speed/node = SubResource("AnimationNodeBlend2_s4dde")
nodes/swim_speed/position = Vector2(-2100, -320)
nodes/vertical/node = SubResource("AnimationNodeBlend2_a00wc")
nodes/vertical/position = Vector2(-2300, 80)
nodes/verticalstatemachine/node = SubResource("AnimationNodeStateMachine_doh4d")
nodes/verticalstatemachine/position = Vector2(-3080, 320)
node_connections = [&"output", 0, &"Add2", &"ShieldBlock", 0, &"TopBot", &"ShieldBlock", 1, &"TimeScale 6", &"TimeScale 2", 0, &"Animation 3", &"TimeScale 3", 0, &"Animation 2", &"TimeScale 4", 0, &"Animation 7", &"TimeScale 5", 0, &"Animation 4", &"TimeScale 6", 0, &"shieldstatemachine", &"TopBot", 0, &"PlayerBot", &"TopBot", 1, &"PlayerTop", &"aim", 0, &"ShieldBlock", &"aim", 1, &"aimingstatemachine", &"land", 0, &"TimeScale 2", &"land", 1, &"TimeScale 3", &"landidle", 0, &"swim", &"landidle", 1, &"land", &"speed", 0, &"Animation 6", &"speed", 1, &"TimeScale 4", &"swim", 0, &"vertical", &"swim", 1, &"swim_speed", &"swim_speed", 0, &"Animation 5", &"swim_speed", 1, &"TimeScale 5", &"vertical", 0, &"speed", &"vertical", 1, &"verticalstatemachine", &"Add2", 0, &"Animation", &"Add2", 1, &"aim"]

[sub_resource type="AnimationNodeStateMachinePlayback" id="AnimationNodeStateMachinePlayback_m6uv1"]

[sub_resource type="AnimationNodeStateMachinePlayback" id="AnimationNodeStateMachinePlayback_euh8q"]

[sub_resource type="AnimationNodeStateMachinePlayback" id="AnimationNodeStateMachinePlayback_kfv8t"]

[sub_resource type="SceneReplicationConfig" id="SceneReplicationConfig_ycw4q"]
properties/0/path = NodePath("AnimationTree:parameters/vertical/blend_amount")
properties/0/spawn = true
properties/0/sync = true
properties/1/path = NodePath("AnimationTree:parameters/strike/active")
properties/1/spawn = true
properties/1/sync = true
properties/2/path = NodePath("AnimationTree:parameters/speed/blend_amount")
properties/2/spawn = true
properties/2/sync = true
properties/3/path = NodePath("AnimationTree:parameters/landidle/blend_amount")
properties/3/spawn = true
properties/3/sync = true
properties/4/path = NodePath("AnimationTree:parameters/land/active")
properties/4/spawn = true
properties/4/sync = true
properties/5/path = NodePath("RunTrail:emitting")
properties/5/spawn = true
properties/5/sync = true
properties/6/path = NodePath("AnimationTree:parameters/aim/add_amount")
properties/6/spawn = true
properties/6/sync = true

[sub_resource type="SphereMesh" id="SphereMesh_ep8by"]
radius = 0.063
height = 0.125

[node name="PlayerModel" instance=ExtResource("1_yr3ub")]
script = ExtResource("2_oqrot")

[node name="Skeleton3D" parent="root" index="0"]
animate_physical_bones = false
bones/0/rest = Transform3D(-6.91414e-06, 0.140677, 0.990056, 7.6741e-07, 0.990056, -0.140677, -1, -2.08616e-07, -6.91414e-06, 0.00629979, 0.465994, -2.75373e-10)
bones/0/position = Vector3(0.0061843, 0.427626, -1.10209e-09)
bones/0/rotation = Quaternion(0.0017555, 0.707107, -0.00175567, 0.707102)
bones/0/scale = Vector3(1, 1, 1)
bones/1/rest = Transform3D(1, 1.7171e-06, -2.9305e-06, -1.1694e-06, 0.984106, 0.177583, 3.18885e-06, -0.177583, 0.984106, -3.83024e-08, 0.185363, -0.00385938)
bones/1/position = Vector3(-3.83024e-08, 0.185363, -0.00385938)
bones/1/rotation = Quaternion(0.0937818, -3.39749e-06, 3.15912e-07, 0.995593)
bones/1/scale = Vector3(1, 1, 1)
bones/2/rest = Transform3D(1, -9.01384e-07, 2.29689e-07, 8.97248e-07, 0.999848, 0.0174128, -2.4535e-07, -0.0174128, 0.999848, -8.24341e-15, 0.185403, 8.32667e-17)
bones/2/position = Vector3(-8.24341e-15, 0.185403, 8.32667e-17)
bones/2/rotation = Quaternion(-0.139506, 2.06242e-07, 6.4839e-07, 0.990221)
bones/2/scale = Vector3(1, 1, 1)
bones/3/rest = Transform3D(1, 2.74725e-07, 4.50475e-07, -3.30337e-07, 0.991708, 0.128508, -4.11435e-07, -0.128508, 0.991709, 4.39864e-12, 0.154525, 5.89811e-06)
bones/3/position = Vector3(4.39864e-12, 0.154525, 5.89811e-06)
bones/3/rotation = Quaternion(-0.0643876, 2.15925e-07, -1.5158e-07, 0.997925)
bones/3/scale = Vector3(1, 1, 1)
bones/4/rest = Transform3D(0.999899, -0.00298096, 0.0138743, 0.00796632, 0.927011, -0.374948, -0.0117439, 0.375021, 0.926942, -5.68434e-14, 0.185403, 2.23518e-08)
bones/4/position = Vector3(-5.68434e-14, 0.185403, 2.23518e-08)
bones/4/rotation = Quaternion(0.191014, 0.00652485, 0.00278823, 0.981562)
bones/4/scale = Vector3(1, 1, 1)
bones/5/rest = Transform3D(1, -7.49578e-07, -1.79695e-08, 7.37557e-07, 0.979085, 0.20345, -1.34908e-07, -0.20345, 0.979085, -4.79701e-12, 0.09924, 2.4743e-06)
bones/5/position = Vector3(-4.79701e-12, 0.09924, 2.4743e-06)
bones/5/rotation = Quaternion(-0.102261, 2.93887e-08, 3.73743e-07, 0.994758)
bones/5/scale = Vector3(1, 1, 1)
bones/6/rest = Transform3D(0.469777, -0.882608, 0.0177005, -0.354195, -0.170082, 0.919575, -0.808613, -0.438265, -0.392516, -7.25277e-08, 0.202391, -0.241136)
bones/6/position = Vector3(-7.25277e-08, 0.202391, -0.241136)
bones/6/rotation = Quaternion(0.712807, -0.433779, -0.277394, -0.47623)
bones/6/scale = Vector3(1, 1, 1)
bones/7/rest = Transform3D(0.829168, 0.547287, -0.113828, -0.55165, 0.834033, -0.00838778, 0.0903457, 0.069748, 0.993465, -5.21541e-08, 0.0889291, -9.60426e-08)
bones/7/position = Vector3(-5.21541e-08, 0.0889291, -9.60426e-08)
bones/7/rotation = Quaternion(0.0204304, -0.0533859, -0.287343, 0.956121)
bones/7/scale = Vector3(1, 0.999999, 1)
bones/8/rest = Transform3D(0.996073, 0.0707614, -0.0532152, -0.0690958, 0.99708, 0.0325159, 0.0553607, -0.0287112, 0.998054, -1.49012e-08, 0.117215, -8.2422e-08)
bones/8/position = Vector3(-1.49012e-08, 0.117215, -8.2422e-08)
bones/8/rotation = Quaternion(-0.0153236, -0.0271739, -0.0350028, 0.9989)
bones/9/rest = Transform3D(0.467982, 0.882608, -0.0446789, 0.406475, -0.170081, 0.897692, 0.784711, -0.438264, -0.438353, -0.00848997, 0.202391, -0.241136)
bones/9/position = Vector3(-0.00848997, 0.202391, -0.241136)
bones/9/rotation = Quaternion(0.720489, 0.447295, 0.256781, -0.463559)
bones/10/rest = Transform3D(0.824033, -0.542372, 0.163713, 0.551558, 0.834033, -0.0131045, -0.129435, 0.101096, 0.986421, -3.72529e-09, 0.0889291, 7.35745e-08)
bones/10/position = Vector3(-3.72529e-09, 0.0889291, 7.35745e-08)
bones/10/rotation = Quaternion(0.0299102, 0.0767785, 0.286511, 0.954527)
bones/10/scale = Vector3(1, 0.999999, 1)
bones/11/rest = Transform3D(0.981889, -0.071004, 0.175648, 0.0649051, 0.99708, 0.0402343, -0.177992, -0.0281051, 0.983631, -3.72529e-08, 0.117215, 9.94187e-08)
bones/11/position = Vector3(-3.72529e-08, 0.117215, 9.94187e-08)
bones/11/rotation = Quaternion(-0.0171653, 0.0888263, 0.0341373, 0.995314)
bones/11/scale = Vector3(1, 1, 1)
bones/12/rest = Transform3D(0.446774, 0.881745, 0.15139, -0.147362, -0.0943769, 0.98457, 0.882427, -0.462189, 0.0877706, 0.0721957, 0.029453, 0.0890092)
bones/12/position = Vector3(0.0721957, 0.029453, 0.0890092)
bones/12/rotation = Quaternion(-0.603077, -0.304029, -0.429151, 0.599745)
bones/12/scale = Vector3(1, 1, 1)
bones/13/rest = Transform3D(0.621373, 0.327704, 0.711692, -0.0481136, 0.922577, -0.3828, -0.782036, 0.20362, 0.589032, -3.41142e-06, 0.243814, -1.14904e-05)
bones/13/position = Vector3(-3.41142e-06, 0.243814, -1.14904e-05)
bones/13/rotation = Quaternion(-0.354314, -0.0483431, -0.101505, 0.928343)
bones/13/scale = Vector3(1, 1, 1)
bones/14/rest = Transform3D(1, 4.09782e-08, 4.47035e-08, -4.09782e-08, 1, 8.00937e-08, -4.47035e-08, -8.00937e-08, 1, 4.14439e-06, -5.72994e-06, 2.18552e-05)
bones/14/position = Vector3(4.14439e-06, -5.72994e-06, 2.18552e-05)
bones/14/rotation = Quaternion(-4.00468e-08, 2.23518e-08, -2.04891e-08, 1)
bones/14/scale = Vector3(1, 1, 1)
bones/15/rest = Transform3D(0.848691, 0.528889, -4.44006e-07, -0.528889, 0.848691, -3.47531e-07, 1.93019e-07, 5.29776e-07, 1, 3.06833e-06, 0.220067, 2.85339e-05)
bones/15/position = Vector3(3.06833e-06, 0.220067, 2.85339e-05)
bones/15/rotation = Quaternion(-0.00343523, -0.000584918, -0.273821, 0.961774)
bones/15/scale = Vector3(1, 1, 1)
bones/16/rest = Transform3D(0.88987, 1.80171e-07, 0.456213, 5.0817e-09, 1, -4.04838e-07, -0.456213, 3.62572e-07, 0.88987, 8.10251e-08, 0.133903, -1.95578e-08)
bones/16/position = Vector3(8.10251e-08, 0.133903, -1.95578e-08)
bones/16/rotation = Quaternion(1.97364e-07, 0.234659, -4.50296e-08, 0.972078)
bones/16/scale = Vector3(0.999999, 1, 0.999999)
bones/17/rest = Transform3D(0.889737, -0.00319447, 0.456461, -0.0172855, 0.999022, 0.0406845, -0.456145, -0.0440887, 0.888812, 4.84288e-08, 0.267805, -2.42144e-08)
bones/17/position = Vector3(4.84288e-08, 0.267805, -2.42144e-08)
bones/17/rotation = Quaternion(-0.0218083, 0.234773, -0.00362499, 0.971799)
bones/17/scale = Vector3(0.999999, 0.999999, 0.999999)
bones/18/rest = Transform3D(0.446774, -0.881745, -0.151391, 0.147364, -0.0943769, 0.984569, -0.882427, -0.462189, 0.0877723, -0.072197, 0.0294536, 0.0890055)
bones/18/position = Vector3(-0.072197, 0.0294536, 0.0890055)
bones/18/rotation = Quaternion(-0.603135, 0.30392, 0.429226, 0.599688)
bones/18/scale = Vector3(1, 1, 1)
bones/19/rest = Transform3D(0.61357, -0.303834, -0.728846, 0.0615092, 0.938596, -0.339491, 0.787241, 0.163471, 0.594582, -2.08311e-08, 0.292574, -8.77772e-08)
bones/19/position = Vector3(-2.08311e-08, 0.292574, -8.77772e-08)
bones/19/rotation = Quaternion(-0.354419, 0.048305, 0.101476, 0.928308)
bones/19/scale = Vector3(1, 1, 0.999999)
bones/20/rest = Transform3D(1, -1.15484e-07, -3.05474e-07, 1.15484e-07, 1, -6.34231e-07, 3.05474e-07, 6.34231e-07, 1, 1.19954e-06, 1.27869e-05, 1.13296e-06)
bones/20/position = Vector3(1.19954e-06, 1.27869e-05, 1.13296e-06)
bones/20/rotation = Quaternion(3.17116e-07, -1.52737e-07, 5.7742e-08, 1)
bones/20/scale = Vector3(1, 1, 1)
bones/21/rest = Transform3D(0.84869, -0.52889, -5.94524e-07, 0.52889, 0.84869, -7.25247e-07, 8.88142e-07, 3.01072e-07, 1, -1.91616e-06, 0.220086, 1.13277e-05)
bones/21/position = Vector3(-1.91616e-06, 0.220086, 1.13277e-05)
bones/21/rotation = Quaternion(-0.00289295, 0.000488352, 0.274012, 0.961722)
bones/22/rest = Transform3D(0.889871, 7.96831e-08, -0.456213, 8.71336e-08, 1, 3.44622e-07, 0.456213, -3.4642e-07, 0.889871, -3.07336e-08, 0.133903, 1.70432e-07)
bones/22/position = Vector3(-3.07336e-08, 0.133903, 1.70432e-07)
bones/22/rotation = Quaternion(-1.77723e-07, -0.234659, 1.91611e-09, 0.972078)
bones/22/scale = Vector3(1, 1, 1)
bones/23/rest = Transform3D(0.889738, 0.003195, -0.456461, 0.0172858, 0.999023, 0.0406863, 0.456145, -0.0440904, 0.888813, -9.68575e-08, 0.267805, -4.84288e-08)
bones/23/position = Vector3(-9.68575e-08, 0.267805, -4.84288e-08)
bones/23/rotation = Quaternion(-0.0218092, -0.234772, 0.00362493, 0.971799)
bones/23/scale = Vector3(1, 1, 1)
bones/24/rest = Transform3D(0.368834, 0.122427, 0.9214, 0.0209332, -0.992131, 0.123446, 0.929281, -0.0262426, -0.368487, 0.168477, -8.64653e-06, -0.000235289)
bones/24/position = Vector3(0.168477, -8.64653e-06, -0.000235289)
bones/24/rotation = Quaternion(0.826158, 0.0447313, 0.559987, -0.0433196)
bones/24/scale = Vector3(1.00002, 1, 1)
bones/25/rest = Transform3D(0.990702, -0.13605, 9.34657e-07, 0.13605, 0.990702, -2.38618e-06, -6.01327e-07, 2.49115e-06, 1, -1.69966e-08, 0.164137, -6.1933e-08)
bones/25/position = Vector3(-1.69966e-08, 0.164137, -6.1933e-08)
bones/25/rotation = Quaternion(0.00159514, 0.000411223, 0.0720765, 0.997398)
bones/25/scale = Vector3(1, 1, 1)
bones/26/rest = Transform3D(-0.344139, 0.774042, 0.531438, -0.0465479, 0.55125, -0.83304, -0.937764, -0.311419, -0.153677, -0.0414817, 0.154147, 0.0230306)
bones/26/position = Vector3(0.0121789, 0.157909, -0.00488997)
bones/26/rotation = Quaternion(0.340582, 0.625215, -0.527384, 0.463654)
bones/26/scale = Vector3(1, 1, 1)
bones/27/rest = Transform3D(-1, 1.96342e-07, 1.80359e-06, -9.8553e-08, 0.98678, -0.162065, -1.81157e-06, -0.162065, -0.98678, 6.0536e-09, 0.250972, 8.84756e-09)
bones/27/position = Vector3(6.0536e-09, 0.250972, 8.84756e-09)
bones/27/rotation = Quaternion(2.45284e-08, 0.99669, -0.0813017, 9.06793e-07)
bones/27/scale = Vector3(1, 1, 1)
bones/28/rest = Transform3D(1, 3.35276e-08, 6.42613e-08, -3.35276e-08, 1, -1.08033e-07, -6.42613e-08, 1.08033e-07, 1, 9.31323e-10, 0.0799912, -1.81608e-08)
bones/28/position = Vector3(9.31323e-10, 0.0799912, -1.81608e-08)
bones/28/rotation = Quaternion(5.40165e-08, 3.21307e-08, -1.67638e-08, 1)
bones/28/scale = Vector3(1, 1, 1)
bones/29/rotation = Quaternion(-1.38978e-07, -0.115391, 8.65194e-08, 0.99332)
bones/30/rest = Transform3D(0.36886, -0.122427, -0.921388, -0.0209355, -0.992131, 0.123446, -0.929255, -0.0262443, -0.368518, -0.168466, -3.39317e-06, 0.000235811)
bones/30/position = Vector3(-0.168466, -3.39317e-06, 0.000235811)
bones/30/rotation = Quaternion(0.825254, -0.0346443, -0.560688, -0.058183)
bones/30/scale = Vector3(1.00001, 1, 1)
bones/31/rest = Transform3D(0.990702, 0.136049, -4.24844e-07, -0.136049, 0.990702, -5.02874e-06, -2.63261e-07, 5.03978e-06, 1, -9.42964e-09, 0.164137, 4.60423e-08)
bones/31/position = Vector3(-9.42964e-09, 0.164137, 4.60423e-08)
bones/31/rotation = Quaternion(0.00159651, -0.00041085, -0.0720761, 0.997398)
bones/31/scale = Vector3(1, 1, 1)
bones/32/rest = Transform3D(-0.344154, -0.774074, -0.531383, 0.0465575, 0.55119, -0.83308, 0.937758, -0.311448, -0.153655, 0.0412739, 0.153885, 0.0229307)
bones/32/position = Vector3(-0.00333071, 0.140923, 0.00543464)
bones/32/rotation = Quaternion(0.340574, -0.62522, 0.527388, 0.46365)
bones/32/scale = Vector3(1, 1, 1)
bones/33/rest = Transform3D(-1, 9.58493e-07, -7.05385e-07, 1.06014e-06, 0.98678, -0.162065, 5.40722e-07, -0.162065, -0.98678, 6.51926e-09, 0.25097, -1.94414e-08)
bones/33/position = Vector3(6.51926e-09, 0.25097, -1.94414e-08)
bones/33/rotation = Quaternion(5.06334e-07, 0.99669, -0.0813017, -3.12562e-07)
bones/33/scale = Vector3(1, 1, 1)
bones/35/rest = Transform3D(1, 7.45058e-09, -4.92437e-08, -7.45058e-09, 1, -5.58794e-08, 4.92437e-08, 5.58794e-08, 1, -1.86265e-09, -4.23752e-08, 2.35159e-08)
bones/35/position = Vector3(-1.86265e-09, -4.23752e-08, 2.35159e-08)
bones/35/rotation = Quaternion(2.79397e-08, -2.46218e-08, -3.72529e-09, 1)
bones/35/scale = Vector3(1, 1, 1)
script = ExtResource("1_wbk7d")

[node name="Physical Bone rootx" type="PhysicalBone3D" parent="root/Skeleton3D" index="6"]
transform = Transform3D(-1.58465e-05, 0.929338, 0.369234, -6.23512e-06, 0.369234, -0.929338, -1, -1.67509e-05, 5.8473e-08, -0.015107, 0.419181, 1.71516e-08)
collision_layer = 256
collision_mask = 256
joint_offset = Transform3D(1, 0, 0, 0, 1, 0, 0, 0, 1, -2.74512e-07, 0.0169355, 0.0128696)
body_offset = Transform3D(1, 1.04799e-05, -2.68655e-06, -6.8488e-06, 0.419859, -0.907591, -8.68755e-06, 0.907591, 0.419859, 1.31604e-07, 0.00456983, -0.0207739)
bone_name = "root.x"

[node name="CollisionShape3D" type="CollisionShape3D" parent="root/Skeleton3D/Physical Bone rootx" index="0"]
transform = Transform3D(1, 1.42109e-14, -1.81899e-12, 0, -1.91395e-12, 1, -7.10543e-15, -1, 1.91371e-12, 0, 0, 0)
shape = SubResource("CapsuleShape3D_nosk5")

[node name="Physical Bone spine_01x" type="PhysicalBone3D" parent="root/Skeleton3D" index="7"]
transform = Transform3D(0.0532119, -0.122564, -0.991035, -0.135873, -0.984112, 0.114406, -0.989297, 0.128568, -0.0690184, 0.00523173, 0.649251, -0.00728273)
collision_layer = 256
collision_mask = 256
joint_type = 1
joint_offset = Transform3D(1, 0, 0, 0, 1, 0, 0, 0, 1, 6.9174e-07, 0.0498181, -0.0127277)
body_offset = Transform3D(0.989297, -0.128567, 0.0690184, -0.115333, -0.9787, -0.169922, 0.0893933, 0.160142, -0.983039, 0.00728275, 0.0465943, -0.0204899)
bone_name = "spine_01.x"
joint_constraints/bias = 0.3
joint_constraints/damping = 1.0
joint_constraints/impulse_clamp = 0.0

[node name="CollisionShape3D" type="CollisionShape3D" parent="root/Skeleton3D/Physical Bone spine_01x" index="0"]
transform = Transform3D(1, 0, 0, 0, 0, 1, 0, -1, 0, 0, 0, 0)
shape = SubResource("CapsuleShape3D_l5ynt")

[node name="Physical Bone spine_02x" type="PhysicalBone3D" parent="root/Skeleton3D" index="8"]
transform = Transform3D(0.0656719, -0.0809987, -0.994549, -0.130306, -0.988862, 0.0719314, -0.989338, 0.124871, -0.075495, 0.199524, 0.663517, 0.00271747)
collision_layer = 256
collision_mask = 256
joint_type = 1
joint_offset = Transform3D(1, 0, 0, 0, 1, 0, 0, 0, 1, -0.0209467, -0.101225, 0.143065)
body_offset = Transform3D(0.989337, -0.124872, 0.0754953, -0.132066, -0.986257, 0.0992881, 0.0620593, -0.108196, -0.992191, -0.00271764, -0.116805, 0.132296)
bone_name = "spine_02.x"
joint_constraints/bias = 0.3
joint_constraints/damping = 1.0
joint_constraints/impulse_clamp = 0.0

[node name="CollisionShape3D" type="CollisionShape3D" parent="root/Skeleton3D/Physical Bone spine_02x" index="0"]
transform = Transform3D(1, 0, 0, 0, 0, 1, 0, -1, 0, 0, 0, 0)
shape = SubResource("CapsuleShape3D_abp5q")

[node name="Physical Bone spine_03x" type="PhysicalBone3D" parent="root/Skeleton3D" index="9"]
transform = Transform3D(0.0656729, -0.269788, -0.960677, -0.130306, -0.956829, 0.2598, -0.989297, 0.10812, -0.0979922, 0.361619, 0.640596, 0.0164968)
collision_layer = 256
collision_mask = 256
joint_type = 1
joint_offset = Transform3D(1, 0, 0, 0, 1, 0, 0, 0, 1, -0.0413547, -0.198325, 0.367029)
body_offset = Transform3D(0.989297, -0.10812, 0.097993, -0.138945, -0.903127, 0.406269, 0.0445747, -0.415536, -0.908483, -0.016497, -0.333971, 0.252872)
bone_name = "spine_03.x"
joint_constraints/bias = 0.3
joint_constraints/damping = 1.0
joint_constraints/impulse_clamp = 0.0

[node name="CollisionShape3D" type="CollisionShape3D" parent="root/Skeleton3D/Physical Bone spine_03x" index="0"]
transform = Transform3D(1, 0, 0, 0, 0, 1, 0, -1, 0, 0, 0, 0)
shape = SubResource("CapsuleShape3D_qtmw6")

[node name="Physical Bone neckx" type="PhysicalBone3D" parent="root/Skeleton3D" index="10"]
transform = Transform3D(0.37308, -0.439049, -0.817349, -0.351692, -0.882126, 0.313319, -0.858601, 0.170562, -0.483539, 0.598627, 0.693987, 0.0787836)
collision_layer = 256
collision_mask = 256
joint_type = 1
joint_offset = Transform3D(1, 0, 0, 0, 1, 0, 0, 0, 1, -0.291956, -0.13491, 0.633759)
body_offset = Transform3D(0.851599, -0.170235, 0.495879, -0.260813, -0.958027, 0.119006, 0.454782, -0.230665, -0.860221, -0.0886043, -0.280814, 0.64683)
bone_name = "neck.x"
joint_constraints/bias = 0.3
joint_constraints/damping = 1.0
joint_constraints/impulse_clamp = 0.0

[node name="CollisionShape3D" type="CollisionShape3D" parent="root/Skeleton3D/Physical Bone neckx" index="0"]
transform = Transform3D(1, 0, 0, 0, 0, 1, 0, -1, 0, 0, 0, 0)
shape = SubResource("CapsuleShape3D_myhry")

[node name="Physical Bone headx" type="PhysicalBone3D" parent="root/Skeleton3D" index="11"]
transform = Transform3D(0.374384, 0.688018, -0.621663, -0.352655, -0.514397, -0.781682, -0.857597, 0.511874, 0.0500491, 0.747738, 0.796175, 0.101562)
collision_layer = 256
collision_mask = 256
joint_type = 1
joint_offset = Transform3D(1, 0, 0, 0, 1, 0, 0, 0, 1, -0.319369, -0.74292, 0.102403)
body_offset = Transform3D(0.850572, -0.523766, -0.046783, -0.348811, -0.495381, -0.795566, 0.393521, 0.693004, -0.604056, -0.112679, -0.39796, 0.702382)
bone_name = "head.x"
joint_constraints/bias = 0.3
joint_constraints/damping = 1.0
joint_constraints/impulse_clamp = 0.0

[node name="CollisionShape3D" type="CollisionShape3D" parent="root/Skeleton3D/Physical Bone headx" index="0"]
transform = Transform3D(1, 0, 0, 0, 0, 1, 0, -1, 0, 0, 0, 0)
shape = SubResource("CapsuleShape3D_rhxdi")

[node name="Physical Bone band_attachr" type="PhysicalBone3D" parent="root/Skeleton3D" index="12"]
transform = Transform3D(-0.124969, 0.872045, 0.473209, 0.547449, 0.458377, -0.700138, -0.827458, 0.171561, -0.534682, 0.824552, 0.950351, 0.117456)
collision_layer = 256
collision_mask = 256
joint_type = 1
joint_offset = Transform3D(1, 0, 0, 0, 1, 0, 0, 0, 1, 0.475761, -0.683257, -0.744414)
body_offset = Transform3D(0.302396, -0.948902, 0.0902508, -0.770786, -0.299136, -0.562504, 0.560757, 0.100534, -0.821857, -0.725028, -0.256412, -0.809897)
bone_name = "band_attach.r"
joint_constraints/bias = 0.3
joint_constraints/damping = 1.0
joint_constraints/impulse_clamp = 0.0

[node name="CollisionShape3D" type="CollisionShape3D" parent="root/Skeleton3D/Physical Bone band_attachr" index="0"]
transform = Transform3D(1, 0, 0, 0, 0, 1, 0, -1, 0, 0, 0, 0)
shape = SubResource("CapsuleShape3D_14l4g")

[node name="Physical Bone band_topr" type="PhysicalBone3D" parent="root/Skeleton3D" index="13"]
transform = Transform3D(0.236211, 0.884548, 0.402242, 0.109108, 0.387202, -0.915524, -0.965564, 0.260142, -0.00505126, 0.779934, 1.03514, 0.141528)
collision_layer = 256
collision_mask = 256
joint_type = 1
joint_offset = Transform3D(1, 0, 0, 0, 1, 0, 0, 0, 1, -0.140198, -0.757853, -0.740251)
body_offset = Transform3D(0.718628, -0.688798, -0.0956359, -0.695392, -0.710948, -0.104914, 0.00427204, 0.141903, -0.989876, -0.492052, -0.713949, -0.624617)
bone_name = "band_top.r"
joint_constraints/bias = 0.3
joint_constraints/damping = 1.0
joint_constraints/impulse_clamp = 0.0

[node name="CollisionShape3D" type="CollisionShape3D" parent="root/Skeleton3D/Physical Bone band_topr" index="0"]
transform = Transform3D(1, 0, 0, 0, 0, 1, 0, -1, 0, 0, 0, 0)
shape = SubResource("CapsuleShape3D_kfek2")

[node name="Physical Bone band_attachl" type="PhysicalBone3D" parent="root/Skeleton3D" index="14"]
transform = Transform3D(0.525309, 0.829962, -0.187664, -0.850273, 0.520605, -0.0776252, 0.0332737, 0.20034, 0.979163, 0.850758, 0.925666, 0.0574265)
collision_layer = 256
collision_mask = 256
joint_type = 1
joint_offset = Transform3D(1, 0, 0, 0, 1, 0, 0, 0, 1, -0.963705, -0.610067, 0.112277)
body_offset = Transform3D(0.0655028, 0.762153, -0.644076, -0.135933, -0.63263, -0.762433, -0.988561, 0.137496, 0.0621606, 0.600405, -0.431342, -0.875778)
bone_name = "band_attach.l"
joint_constraints/bias = 0.3
joint_constraints/damping = 1.0
joint_constraints/impulse_clamp = 0.0

[node name="CollisionShape3D" type="CollisionShape3D" parent="root/Skeleton3D/Physical Bone band_attachl" index="0"]
transform = Transform3D(1, 0, 0, 0, 0, 1, 0, -1, 0, 0, 0, 0)
shape = SubResource("CapsuleShape3D_sebg6")

[node name="Physical Bone band_topl" type="PhysicalBone3D" parent="root/Skeleton3D" index="15"]
transform = Transform3D(0.428952, 0.902234, 0.0444876, -0.725217, 0.373317, -0.578533, -0.538579, 0.2159, 0.814447, 0.856493, 0.963017, -0.0338432)
collision_layer = 256
collision_mask = 256
joint_type = 1
joint_offset = Transform3D(1, 0, 0, 0, 1, 0, 0, 0, 1, -0.766903, -0.815857, -0.329103)
body_offset = Transform3D(0.58343, 0.262701, -0.768505, 0.0695407, -0.95893, -0.275001, -0.809185, 0.107001, -0.577735, 0.408843, -0.819523, -0.723403)
bone_name = "band_top.l"
joint_constraints/bias = 0.3
joint_constraints/damping = 1.0
joint_constraints/impulse_clamp = 0.0

[node name="CollisionShape3D" type="CollisionShape3D" parent="root/Skeleton3D/Physical Bone band_topl" index="0"]
transform = Transform3D(1, 0, 0, 0, 0, 1, 0, -1, 0, 0, 0, 0)
shape = SubResource("CapsuleShape3D_rglok")

[node name="Physical Bone shoulderl" type="PhysicalBone3D" parent="root/Skeleton3D" index="16"]
transform = Transform3D(-0.770778, 0.423498, 0.475989, -0.612786, -0.697277, -0.371907, 0.174393, -0.578329, 0.796953, 0.246415, 0.635739, -0.00886577)
collision_layer = 256
collision_mask = 256
joint_type = 1
joint_offset = Transform3D(1, 0, 0, 0, 1, 0, 0, 0, 1, -0.138763, -0.243008, -0.225445)
body_offset = Transform3D(-0.745239, 0.661649, 0.0827757, 0.32396, 0.467764, -0.82235, -0.582827, -0.586027, -0.56294, 0.0760357, -0.0267709, -0.350196)
bone_name = "shoulder.l"
joint_constraints/bias = 0.3
joint_constraints/damping = 1.0
joint_constraints/impulse_clamp = 0.0

[node name="CollisionShape3D" type="CollisionShape3D" parent="root/Skeleton3D/Physical Bone shoulderl" index="0"]
transform = Transform3D(1, 0, 0, 0, 0, 1, 0, -1, 0, 0, 0, 0)
shape = SubResource("CapsuleShape3D_6jfpu")

[node name="Physical Bone arm_stretchl" type="PhysicalBone3D" parent="root/Skeleton3D" index="17"]
transform = Transform3D(0.221615, 0.0814094, 0.971728, -0.699146, -0.681392, 0.216529, 0.679764, -0.727369, -0.0940925, 0.0573134, 0.900813, -0.465528)
collision_layer = 256
collision_mask = 256
joint_type = 1
joint_offset = Transform3D(1, 0, 0, 0, 1, 0, 0, 0, 1, 0.104471, -0.147274, -0.0343169)
body_offset = Transform3D(-0.118017, 0.239844, 0.963609, 0.217531, 0.95306, -0.210571, -0.968891, 0.184768, -0.164654, 0.0807202, 0.110409, 0.122782)
bone_name = "arm_stretch.l"
joint_constraints/bias = 0.3
joint_constraints/damping = 1.0
joint_constraints/impulse_clamp = 0.0

[node name="CollisionShape3D" type="CollisionShape3D" parent="root/Skeleton3D/Physical Bone arm_stretchl" index="0"]
transform = Transform3D(1, 0, 0, 0, 0, 1, 0, -1, 0, 0, 0, 0)
shape = SubResource("CapsuleShape3D_21ok8")

[node name="Physical Bone forearm_stretchl" type="PhysicalBone3D" parent="root/Skeleton3D" index="18"]
transform = Transform3D(-0.208091, -0.874041, 0.439038, -0.636279, 0.461871, 0.617925, -0.742868, -0.150765, -0.652246, -0.158309, 0.320953, -0.122447)
collision_layer = 256
collision_mask = 256
joint_type = 1
joint_offset = Transform3D(1, 0, 0, 0, 1, 0, 0, 0, 1, -0.0935709, 0.0788241, 0.513641)
body_offset = Transform3D(-0.332554, -0.459101, 0.823797, 0.685812, -0.717327, -0.122915, 0.64736, 0.524091, 0.553407, -0.418065, 0.183849, -0.26499)
bone_name = "forearm_stretch.l"
joint_constraints/bias = 0.3
joint_constraints/damping = 1.0
joint_constraints/impulse_clamp = 0.0

[node name="CollisionShape3D" type="CollisionShape3D" parent="root/Skeleton3D/Physical Bone forearm_stretchl" index="0"]
transform = Transform3D(1, 0, 0, 0, 0, 1, 0, -1, 0, 0, 0, 0)
shape = SubResource("CapsuleShape3D_bpuej")

[node name="Physical Bone shoulderr" type="PhysicalBone3D" parent="root/Skeleton3D" index="19"]
transform = Transform3D(0.97053, -0.233966, 0.0578267, -0.228246, -0.969336, -0.0911412, 0.0773759, 0.0752604, -0.994165, 0.276182, 0.855593, 0.079592)
collision_layer = 256
collision_mask = 256
joint_type = 1
joint_offset = Transform3D(1, 0, 0, 0, 1, 0, 0, 0, 1, -0.156727, -0.0842627, -0.0111386)
body_offset = Transform3D(-0.913837, 0.124323, 0.386597, -0.306527, 0.41328, -0.857473, -0.266374, -0.902086, -0.339556, -0.128441, -0.022768, -0.121542)
bone_name = "shoulder.r"
joint_constraints/bias = 0.3
joint_constraints/damping = 1.0
joint_constraints/impulse_clamp = 0.0

[node name="CollisionShape3D" type="CollisionShape3D" parent="root/Skeleton3D/Physical Bone shoulderr" index="0"]
transform = Transform3D(1, 0, 0, 0, 0, 1, 0, -1, 0, 0, 0, 0)
shape = SubResource("CapsuleShape3D_aescs")

[node name="Physical Bone arm_stretchr" type="PhysicalBone3D" parent="root/Skeleton3D" index="20"]
