[gd_scene load_steps=55 format=3 uid="uid://bryply5pm5nlg"]

[ext_resource type="PackedScene" uid="uid://c0hc88bv6i8f3" path="res://Assets/Models/LevelObjects/Entities/Player/Player.blend" id="1_n4qcw"]
[ext_resource type="Script" path="res://Scripts/Players/PlayerModel.gd" id="2_2ov2k"]
[ext_resource type="Script" path="res://Scripts/PlayerSkeleton.gd" id="3_ef60n"]
[ext_resource type="Script" path="res://addons/wigglebone/wiggle_bone.gd" id="4_acjws"]
[ext_resource type="Script" path="res://addons/wigglebone/wiggle_properties.gd" id="5_k7vyf"]
[ext_resource type="PackedScene" uid="uid://bct426sxrdfmd" path="res://Prefabs/Effects/RunTrail.tscn" id="6_iwyff"]
[ext_resource type="AudioStream" uid="uid://btxrdugeymdpx" path="res://Assets/Sounds/sfx/Hit.mp3" id="7_6846g"]

[sub_resource type="Resource" id="Resource_dnrra"]
script = ExtResource("5_k7vyf")
mode = 0
stiffness = 0.011
damping = 0.06
gravity = Vector3(0, -2, 0)
length = 0.578
max_degrees = 27.5
max_distance = 0.1

[sub_resource type="Resource" id="Resource_2xjce"]
script = ExtResource("5_k7vyf")
mode = 0
stiffness = 0.011
damping = 0.06
gravity = Vector3(0, -2, 0)
length = 0.578
max_degrees = 27.5
max_distance = 0.1

[sub_resource type="AnimationNodeAdd2" id="AnimationNodeAdd2_6olxp"]

[sub_resource type="AnimationNodeAnimation" id="AnimationNodeAnimation_g6wpn"]
animation = &"Default"

[sub_resource type="AnimationNodeAnimation" id="AnimationNodeAnimation_5gph2"]
animation = &"Run"

[sub_resource type="AnimationNodeAnimation" id="AnimationNodeAnimation_i8th6"]
animation = &"Jump"

[sub_resource type="AnimationNodeAnimation" id="AnimationNodeAnimation_x0rp6"]
animation = &"Fall"

[sub_resource type="AnimationNodeAnimation" id="AnimationNodeAnimation_p8367"]
animation = &"Idle"

[sub_resource type="AnimationNodeTimeScale" id="AnimationNodeTimeScale_7l1es"]

[sub_resource type="AnimationNodeBlend2" id="AnimationNodeBlend2_mjjyp"]

[sub_resource type="AnimationNodeBlend2" id="AnimationNodeBlend2_wt16x"]

[sub_resource type="AnimationNodeAnimation" id="AnimationNodeAnimation_05ugq"]
animation = &"SwimBot"

[sub_resource type="AnimationNodeBlend3" id="AnimationNodeBlend3_ayar2"]

[sub_resource type="AnimationNodeBlendTree" id="AnimationNodeBlendTree_2m0ar"]
graph_offset = Vector2(-144.764, 31.0983)
nodes/Animation/node = SubResource("AnimationNodeAnimation_p8367")
nodes/Animation/position = Vector2(-540, 40)
"nodes/Animation 2/node" = SubResource("AnimationNodeAnimation_5gph2")
"nodes/Animation 2/position" = Vector2(-660, 220)
"nodes/Animation 3/node" = SubResource("AnimationNodeAnimation_i8th6")
"nodes/Animation 3/position" = Vector2(100, 280)
"nodes/Animation 4/node" = SubResource("AnimationNodeAnimation_x0rp6")
"nodes/Animation 4/position" = Vector2(100, 40)
nodes/TimeScale/node = SubResource("AnimationNodeTimeScale_7l1es")
nodes/TimeScale/position = Vector2(-405.9, 215.6)
nodes/output/position = Vector2(940, 120)
nodes/speed/node = SubResource("AnimationNodeBlend2_mjjyp")
nodes/speed/position = Vector2(-92.2383, 142.018)
nodes/swim/node = SubResource("AnimationNodeBlend2_wt16x")
nodes/swim/position = Vector2(736.236, 211.098)
nodes/swim_anim/node = SubResource("AnimationNodeAnimation_05ugq")
nodes/swim_anim/position = Vector2(500, 300)
nodes/vertical/node = SubResource("AnimationNodeBlend3_ayar2")
nodes/vertical/position = Vector2(276.768, 115.076)
node_connections = [&"output", 0, &"swim", &"TimeScale", 0, &"Animation 2", &"speed", 0, &"Animation", &"speed", 1, &"TimeScale", &"swim", 0, &"vertical", &"swim", 1, &"swim_anim", &"vertical", 0, &"Animation 4", &"vertical", 1, &"speed", &"vertical", 2, &"Animation 3"]

[sub_resource type="AnimationNodeAdd2" id="AnimationNodeAdd2_klpr7"]

[sub_resource type="AnimationNodeAnimation" id="AnimationNodeAnimation_1ulf2"]
animation = &"RunArms"

[sub_resource type="AnimationNodeAnimation" id="AnimationNodeAnimation_7uloj"]
animation = &"Strike"

[sub_resource type="AnimationNodeAnimation" id="AnimationNodeAnimation_3qilg"]
animation = &"JumpTop"

[sub_resource type="AnimationNodeAnimation" id="AnimationNodeAnimation_bxioo"]
animation = &"FallTop"

[sub_resource type="AnimationNodeAnimation" id="AnimationNodeAnimation_dt6cg"]
animation = &"IdleTop_001"

[sub_resource type="AnimationNodeTimeScale" id="AnimationNodeTimeScale_yr16x"]

[sub_resource type="AnimationNodeTimeScale" id="AnimationNodeTimeScale_1w316"]

[sub_resource type="AnimationNodeTimeScale" id="AnimationNodeTimeScale_p1ayl"]

[sub_resource type="AnimationNodeBlend2" id="AnimationNodeBlend2_15kxu"]

[sub_resource type="AnimationNodeBlend2" id="AnimationNodeBlend2_oq0cl"]

[sub_resource type="AnimationNodeAnimation" id="AnimationNodeAnimation_fkln7"]
animation = &"Aim"

[sub_resource type="AnimationNodeAnimation" id="AnimationNodeAnimation_x0p0m"]
animation = &"Release"

[sub_resource type="AnimationNodeStateMachineTransition" id="AnimationNodeStateMachineTransition_584ir"]

[sub_resource type="AnimationNodeStateMachineTransition" id="AnimationNodeStateMachineTransition_lk6kg"]

[sub_resource type="AnimationNodeStateMachineTransition" id="AnimationNodeStateMachineTransition_0tqhc"]

[sub_resource type="AnimationNodeStateMachineTransition" id="AnimationNodeStateMachineTransition_j6tfp"]

[sub_resource type="AnimationNodeStateMachine" id="AnimationNodeStateMachine_gveya"]
states/Aim/node = SubResource("AnimationNodeAnimation_fkln7")
states/Aim/position = Vector2(449, 100)
states/Release/node = SubResource("AnimationNodeAnimation_x0p0m")
states/Release/position = Vector2(693, 100)
states/Start/position = Vector2(223, 100)
transitions = ["Start", "Aim", SubResource("AnimationNodeStateMachineTransition_584ir"), "Aim", "Release", SubResource("AnimationNodeStateMachineTransition_lk6kg"), "Release", "Aim", SubResource("AnimationNodeStateMachineTransition_0tqhc"), "Release", "End", SubResource("AnimationNodeStateMachineTransition_j6tfp")]
graph_offset = Vector2(108, -5)

[sub_resource type="AnimationNodeAnimation" id="AnimationNodeAnimation_n1jr4"]
animation = &"LowerShield"

[sub_resource type="AnimationNodeAnimation" id="AnimationNodeAnimation_ete37"]
animation = &"RaiseShield"

[sub_resource type="AnimationNodeStateMachineTransition" id="AnimationNodeStateMachineTransition_0a4ip"]

[sub_resource type="AnimationNodeStateMachineTransition" id="AnimationNodeStateMachineTransition_86gqw"]

[sub_resource type="AnimationNodeStateMachineTransition" id="AnimationNodeStateMachineTransition_hcc00"]

[sub_resource type="AnimationNodeStateMachine" id="AnimationNodeStateMachine_bg8rs"]
states/Lower/node = SubResource("AnimationNodeAnimation_n1jr4")
states/Lower/position = Vector2(584, 107)
states/Raise/node = SubResource("AnimationNodeAnimation_ete37")
states/Raise/position = Vector2(410, 113)
transitions = ["Start", "Raise", SubResource("AnimationNodeStateMachineTransition_0a4ip"), "Raise", "Lower", SubResource("AnimationNodeStateMachineTransition_86gqw"), "Lower", "Raise", SubResource("AnimationNodeStateMachineTransition_hcc00")]
graph_offset = Vector2(96, 3)

[sub_resource type="AnimationNodeBlend2" id="AnimationNodeBlend2_dtlo4"]

[sub_resource type="AnimationNodeTimeSeek" id="AnimationNodeTimeSeek_5d7qv"]

[sub_resource type="AnimationNodeBlend2" id="AnimationNodeBlend2_n4a0i"]

[sub_resource type="AnimationNodeAnimation" id="AnimationNodeAnimation_lfe4i"]
animation = &"SwimTop"

[sub_resource type="AnimationNodeBlend3" id="AnimationNodeBlend3_gli1j"]

[sub_resource type="AnimationNodeBlendTree" id="AnimationNodeBlendTree_a0vwq"]
graph_offset = Vector2(719.398, 21.1758)
nodes/Add2/node = SubResource("AnimationNodeAdd2_klpr7")
nodes/Add2/position = Vector2(560, 380)
nodes/Animation/node = SubResource("AnimationNodeAnimation_dt6cg")
nodes/Animation/position = Vector2(-800, 40)
"nodes/Animation 2/node" = SubResource("AnimationNodeAnimation_1ulf2")
"nodes/Animation 2/position" = Vector2(-980, 180)
"nodes/Animation 3/node" = SubResource("AnimationNodeAnimation_7uloj")
"nodes/Animation 3/position" = Vector2(-520, 540)
"nodes/Animation 4/node" = SubResource("AnimationNodeAnimation_3qilg")
"nodes/Animation 4/position" = Vector2(-380, 360)
"nodes/Animation 5/node" = SubResource("AnimationNodeAnimation_bxioo")
"nodes/Animation 5/position" = Vector2(-280, 0)
nodes/TimeScale/node = SubResource("AnimationNodeTimeScale_p1ayl")
nodes/TimeScale/position = Vector2(-704.506, 224.557)
"nodes/TimeScale 2/node" = SubResource("AnimationNodeTimeScale_yr16x")
"nodes/TimeScale 2/position" = Vector2(-300, 540)
"nodes/TimeScale 3/node" = SubResource("AnimationNodeTimeScale_1w316")
"nodes/TimeScale 3/position" = Vector2(280, 580)
nodes/Use/node = SubResource("AnimationNodeBlend2_15kxu")
nodes/Use/position = Vector2(1040, 160)
nodes/aim/node = SubResource("AnimationNodeBlend2_oq0cl")
nodes/aim/position = Vector2(800, 380)
nodes/aimingstatemachine/node = SubResource("AnimationNodeStateMachine_gveya")
nodes/aimingstatemachine/position = Vector2(540, 640)
nodes/output/position = Vector2(1940, 140)
nodes/shieldstatemachine/node = SubResource("AnimationNodeStateMachine_bg8rs")
nodes/shieldstatemachine/position = Vector2(-20, 660)
nodes/speed/node = SubResource("AnimationNodeBlend2_dtlo4")
nodes/speed/position = Vector2(-433.502, 120.852)
nodes/strikestart/node = SubResource("AnimationNodeTimeSeek_5d7qv")
nodes/strikestart/position = Vector2(-80, 500)
nodes/swim/node = SubResource("AnimationNodeBlend2_n4a0i")
nodes/swim/position = Vector2(1560, 140)
nodes/swim_anim/node = SubResource("AnimationNodeAnimation_lfe4i")
nodes/swim_anim/position = Vector2(1320, 280)
nodes/vertical/node = SubResource("AnimationNodeBlend3_gli1j")
nodes/vertical/position = Vector2(-80, 60)
node_connections = [&"output", 0, &"swim", &"Add2", 0, &"strikestart", &"Add2", 1, &"TimeScale 3", &"TimeScale", 0, &"Animation 2", &"TimeScale 2", 0, &"Animation 3", &"TimeScale 3", 0, &"shieldstatemachine", &"Use", 0, &"vertical", &"Use", 1, &"aim", &"aim", 0, &"Add2", &"aim", 1, &"aimingstatemachine", &"speed", 0, &"Animation", &"speed", 1, &"TimeScale", &"strikestart", 0, &"TimeScale 2", &"swim", 0, &"Use", &"swim", 1, &"swim_anim", &"vertical", 0, &"Animation 5", &"vertical", 1, &"speed", &"vertical", 2, &"Animation 4"]

[sub_resource type="AnimationNodeAdd2" id="AnimationNodeAdd2_a8ymg"]

[sub_resource type="AnimationNodeBlendTree" id="AnimationNodeBlendTree_dcbpa"]
graph_offset = Vector2(-144, 105)
nodes/Add2/node = SubResource("AnimationNodeAdd2_6olxp")
nodes/Add2/position = Vector2(1280, 100)
nodes/Animation/node = SubResource("AnimationNodeAnimation_g6wpn")
nodes/Animation/position = Vector2(756, 16)
nodes/Bot/node = SubResource("AnimationNodeBlendTree_2m0ar")
nodes/Bot/position = Vector2(180, 280)
nodes/Top/node = SubResource("AnimationNodeBlendTree_a0vwq")
nodes/Top/position = Vector2(320, 420)
nodes/TopBot/node = SubResource("AnimationNodeAdd2_a8ymg")
nodes/TopBot/position = Vector2(740, 240)
nodes/output/position = Vector2(1540, 120)
node_connections = [&"output", 0, &"Add2", &"Add2", 0, &"Animation", &"Add2", 1, &"TopBot", &"TopBot", 0, &"Bot", &"TopBot", 1, &"Top"]

[sub_resource type="SceneReplicationConfig" id="SceneReplicationConfig_ycw4q"]
properties/0/path = NodePath("RunTrail:emitting")
properties/0/spawn = true
properties/0/sync = true
properties/0/watch = false
properties/1/path = NodePath("AnimationTree:parameters/Bot/speed/blend_amount")
properties/1/spawn = true
properties/1/sync = true
properties/1/watch = false
properties/2/path = NodePath("AnimationTree:parameters/Bot/vertical/blend_amount")
properties/2/spawn = true
properties/2/sync = true
properties/2/watch = false
properties/3/path = NodePath("AnimationTree:parameters/Top/speed/blend_amount")
properties/3/spawn = true
properties/3/sync = true
properties/3/watch = false
properties/4/path = NodePath("AnimationTree:parameters/Top/vertical/blend_amount")
properties/4/spawn = true
properties/4/sync = true
properties/4/watch = false
properties/5/path = NodePath("AnimationTree:parameters/Top/strikestart/seek_request")
properties/5/spawn = true
properties/5/sync = true
properties/5/watch = false
properties/6/path = NodePath("AnimationTree:parameters/Top/Use/blend_amount")
properties/6/spawn = true
properties/6/sync = true
properties/6/watch = false
properties/7/path = NodePath("AnimationTree:parameters/Top/aim/blend_amount")
properties/7/spawn = true
properties/7/sync = true
properties/7/watch = false

[node name="PlayerModel" instance=ExtResource("1_n4qcw")]
script = ExtResource("2_2ov2k")
speed_blend_cap = 0.66
attachmentPoints = [NodePath("HandL"), NodePath("HandR")]

[node name="Skeleton3D" parent="root" index="0"]
transform = Transform3D(1, 0, 0, 0, 1, 0, 0, 0, 1, 0, 0, -0.019529)
animate_physical_bones = false
bones/0/rest = Transform3D(-6.91414e-06, 0.140677, 0.990056, 7.6741e-07, 0.990056, -0.140677, -1, -2.08616e-07, -6.91414e-06, 0.00629979, 0.465994, -2.75373e-10)
bones/0/position = Vector3(0.00605705, 0.425376, 5.51164e-09)
bones/0/rotation = Quaternion(0.00423625, 0.707097, -0.0042364, 0.707092)
bones/0/scale = Vector3(1, 1, 1)
bones/1/rest = Transform3D(1, 1.7171e-06, -2.9305e-06, -1.1694e-06, 0.984106, 0.177583, 3.18885e-06, -0.177583, 0.984106, -3.83024e-08, 0.185363, -0.00385938)
bones/1/position = Vector3(-3.83024e-08, 0.185363, -0.00385938)
bones/1/rotation = Quaternion(0.0968268, -3.40123e-06, 3.26879e-07, 0.995301)
bones/1/scale = Vector3(1, 1, 1)
bones/2/rest = Transform3D(1, -9.01384e-07, 2.29689e-07, 8.97248e-07, 0.999848, 0.0174128, -2.4535e-07, -0.0174128, 0.999848, -8.24341e-15, 0.185403, 8.32667e-17)
bones/2/position = Vector3(-8.24341e-15, 0.185403, 8.32667e-17)
bones/2/rotation = Quaternion(-0.141878, 2.02726e-07, 6.51587e-07, 0.989884)
bones/2/scale = Vector3(1, 1, 1)
bones/3/rest = Transform3D(1, 2.74725e-07, 4.50475e-07, -3.30337e-07, 0.991708, 0.128508, -4.11435e-07, -0.128508, 0.991709, 4.39864e-12, 0.154525, 5.89811e-06)
bones/3/position = Vector3(4.39864e-12, 0.154525, 5.89811e-06)
bones/3/rotation = Quaternion(-0.0643876, 2.15925e-07, -1.5158e-07, 0.997925)
bones/3/scale = Vector3(1, 1, 1)
bones/4/rest = Transform3D(0.999899, -0.00298096, 0.0138743, 0.00796632, 0.927011, -0.374948, -0.0117439, 0.375021, 0.926942, -5.68434e-14, 0.185403, 2.23518e-08)
bones/4/position = Vector3(1.3666e-08, 0.197823, 0.0017134)
bones/4/rotation = Quaternion(0.151954, -1.12574e-07, 1.18424e-07, 0.988388)
bones/4/scale = Vector3(1, 1, 1)
bones/5/rest = Transform3D(1, -7.49578e-07, -1.79695e-08, 7.37557e-07, 0.979085, 0.20345, -1.34908e-07, -0.20345, 0.979085, -4.79701e-12, 0.09924, 2.4743e-06)
bones/5/position = Vector3(-4.79701e-12, 0.09924, 2.4743e-06)
bones/5/rotation = Quaternion(-0.102261, 2.93887e-08, 3.73743e-07, 0.994758)
bones/5/scale = Vector3(1, 1, 1)
bones/6/rest = Transform3D(0.469777, -0.882608, 0.0177005, -0.354195, -0.170082, 0.919575, -0.808613, -0.438265, -0.392516, -7.25277e-08, 0.202391, -0.241136)
bones/6/position = Vector3(-7.25277e-08, 0.202391, -0.241136)
bones/6/rotation = Quaternion(0.712807, -0.433779, -0.277394, -0.47623)
bones/6/scale = Vector3(1, 1, 1)
bones/7/rest = Transform3D(0.829168, 0.547287, -0.113828, -0.55165, 0.834033, -0.00838778, 0.0903457, 0.069748, 0.993465, -5.21541e-08, 0.0889291, -9.60426e-08)
bones/7/position = Vector3(-5.21541e-08, 0.0889291, -9.60426e-08)
bones/7/rotation = Quaternion(0.0204304, -0.0533859, -0.287343, 0.956121)
bones/7/scale = Vector3(1, 0.999999, 1)
bones/8/rest = Transform3D(0.996073, 0.0707614, -0.0532152, -0.0690958, 0.99708, 0.0325159, 0.0553607, -0.0287112, 0.998054, -1.49012e-08, 0.117215, -8.2422e-08)
bones/8/position = Vector3(-1.49012e-08, 0.117215, -8.2422e-08)
bones/8/rotation = Quaternion(-0.0153236, -0.0271739, -0.0350028, 0.9989)
bones/9/rest = Transform3D(0.467982, 0.882608, -0.0446789, 0.406475, -0.170081, 0.897692, 0.784711, -0.438264, -0.438353, -0.00848997, 0.202391, -0.241136)
bones/9/position = Vector3(-0.00848997, 0.202391, -0.241136)
bones/9/rotation = Quaternion(0.720489, 0.447295, 0.256781, -0.463559)
bones/10/rest = Transform3D(0.824033, -0.542372, 0.163713, 0.551558, 0.834033, -0.0131045, -0.129435, 0.101096, 0.986421, -3.72529e-09, 0.0889291, 7.35745e-08)
bones/10/position = Vector3(-3.72529e-09, 0.0889291, 7.35745e-08)
bones/10/rotation = Quaternion(0.0299102, 0.0767785, 0.286511, 0.954527)
bones/10/scale = Vector3(1, 0.999999, 1)
bones/11/rest = Transform3D(0.981889, -0.071004, 0.175648, 0.0649051, 0.99708, 0.0402343, -0.177992, -0.0281051, 0.983631, -3.72529e-08, 0.117215, 9.94187e-08)
bones/11/position = Vector3(-3.72529e-08, 0.117215, 9.94187e-08)
bones/11/rotation = Quaternion(-0.0171653, 0.0888263, 0.0341373, 0.995314)
bones/11/scale = Vector3(1, 1, 1)
bones/12/rest = Transform3D(0.446774, 0.881745, 0.15139, -0.147362, -0.0943769, 0.98457, 0.882427, -0.462189, 0.0877706, 0.0721957, 0.029453, 0.0890092)
bones/12/position = Vector3(0.0721957, 0.029453, 0.0890092)
bones/12/rotation = Quaternion(-0.604655, -0.301074, -0.431186, 0.598185)
bones/12/scale = Vector3(1, 1, 1)
bones/13/rest = Transform3D(0.621373, 0.327704, 0.711692, -0.0481136, 0.922577, -0.3828, -0.782036, 0.20362, 0.589032, -3.41142e-06, 0.243814, -1.14904e-05)
bones/13/position = Vector3(-3.41142e-06, 0.243814, -1.14904e-05)
bones/13/rotation = Quaternion(-0.359659, -0.0464245, -0.10004, 0.926543)
bones/13/scale = Vector3(1, 1, 1)
bones/14/rest = Transform3D(1, 4.09782e-08, 4.47035e-08, -4.09782e-08, 1, 8.00937e-08, -4.47035e-08, -8.00937e-08, 1, 4.14439e-06, -5.72994e-06, 2.18552e-05)
bones/14/position = Vector3(4.14439e-06, -5.72994e-06, 2.18552e-05)
bones/14/rotation = Quaternion(-4.00468e-08, 2.23518e-08, -2.04891e-08, 1)
bones/14/scale = Vector3(1, 1, 1)
bones/15/rest = Transform3D(0.848691, 0.528889, -4.44006e-07, -0.528889, 0.848691, -3.47531e-07, 1.93019e-07, 5.29776e-07, 1, 3.06833e-06, 0.220067, 2.85339e-05)
bones/15/position = Vector3(3.06833e-06, 0.220067, 2.85339e-05)
bones/15/rotation = Quaternion(-0.0292873, -0.00498509, -0.264422, 0.963949)
bones/15/scale = Vector3(1, 1, 1)
bones/16/rest = Transform3D(0.88987, 1.80171e-07, 0.456213, 5.0817e-09, 1, -4.04838e-07, -0.456213, 3.62572e-07, 0.88987, 8.10251e-08, 0.133903, -1.95578e-08)
bones/16/position = Vector3(8.10251e-08, 0.133903, -1.95578e-08)
bones/16/rotation = Quaternion(1.97364e-07, 0.234659, -4.50296e-08, 0.972078)
bones/16/scale = Vector3(0.999999, 1, 0.999999)
bones/17/rest = Transform3D(0.889737, -0.00319447, 0.456461, -0.0172855, 0.999022, 0.0406845, -0.456145, -0.0440887, 0.888812, 4.84288e-08, 0.267805, -2.42144e-08)
bones/17/position = Vector3(4.84288e-08, 0.267805, -2.42144e-08)
bones/17/rotation = Quaternion(-0.0218083, 0.234773, -0.00362499, 0.971799)
bones/17/scale = Vector3(0.999999, 0.999999, 0.999999)
bones/18/rest = Transform3D(0.446774, -0.881745, -0.151391, 0.147364, -0.0943769, 0.984569, -0.882427, -0.462189, 0.0877723, -0.072197, 0.0294536, 0.0890055)
bones/18/position = Vector3(-0.072197, 0.0294536, 0.0890055)
bones/18/rotation = Quaternion(-0.605755, 0.298998, 0.432608, 0.597086)
bones/18/scale = Vector3(1, 1, 1)
bones/19/rest = Transform3D(0.61357, -0.303834, -0.728846, 0.0615092, 0.938596, -0.339491, 0.787241, 0.163471, 0.594582, -2.08311e-08, 0.292574, -8.77772e-08)
bones/19/position = Vector3(-2.08311e-08, 0.292574, -8.77772e-08)
bones/19/rotation = Quaternion(-0.360548, 0.0460927, 0.099787, 0.926242)
bones/19/scale = Vector3(1, 1, 0.999999)
bones/20/rest = Transform3D(1, -1.15484e-07, -3.05474e-07, 1.15484e-07, 1, -6.34231e-07, 3.05474e-07, 6.34231e-07, 1, 1.19954e-06, 1.27869e-05, 1.13296e-06)
bones/20/position = Vector3(1.19954e-06, 1.27869e-05, 1.13296e-06)
bones/20/rotation = Quaternion(3.17116e-07, -1.52737e-07, 5.7742e-08, 1)
bones/20/scale = Vector3(1, 1, 1)
bones/21/rest = Transform3D(0.84869, -0.52889, -5.94524e-07, 0.52889, 0.84869, -7.25247e-07, 8.88142e-07, 3.01072e-07, 1, -1.91616e-06, 0.220086, 1.13277e-05)
bones/21/position = Vector3(-1.91616e-06, 0.220086, 1.13277e-05)
bones/21/rotation = Quaternion(-0.0246485, 0.00416357, 0.266086, 0.963625)
bones/22/rest = Transform3D(0.889871, 7.96831e-08, -0.456213, 8.71336e-08, 1, 3.44622e-07, 0.456213, -3.4642e-07, 0.889871, -3.07336e-08, 0.133903, 1.70432e-07)
bones/22/position = Vector3(-3.07336e-08, 0.133903, 1.70432e-07)
bones/22/rotation = Quaternion(-1.77723e-07, -0.234659, 1.91611e-09, 0.972078)
bones/22/scale = Vector3(1, 1, 1)
bones/23/rest = Transform3D(0.889738, 0.003195, -0.456461, 0.0172858, 0.999023, 0.0406863, 0.456145, -0.0440904, 0.888813, -9.68575e-08, 0.267805, -4.84288e-08)
bones/23/position = Vector3(-9.68575e-08, 0.267805, -4.84288e-08)
bones/23/rotation = Quaternion(-0.0218092, -0.234772, 0.00362493, 0.971799)
bones/23/scale = Vector3(1, 1, 1)
bones/24/rest = Transform3D(0.368834, 0.122427, 0.9214, 0.0209332, -0.992131, 0.123446, 0.929281, -0.0262426, -0.368487, 0.168477, -8.64653e-06, -0.000235289)
bones/24/position = Vector3(0.168477, -8.64653e-06, -0.000235289)
bones/24/rotation = Quaternion(0.826803, 0.0548234, 0.559091, -0.0284125)
bones/24/scale = Vector3(1.00002, 1, 1)
bones/25/rest = Transform3D(0.990702, -0.13605, 9.34657e-07, 0.13605, 0.990702, -2.38618e-06, -6.01327e-07, 2.49115e-06, 1, -1.69966e-08, 0.164137, -6.1933e-08)
bones/25/position = Vector3(-1.69966e-08, 0.164137, -6.1933e-08)
bones/25/rotation = Quaternion(0.0135982, 0.00350506, 0.101354, 0.994751)
bones/25/scale = Vector3(1, 1, 1)
bones/26/rest = Transform3D(-0.344139, 0.774042, 0.531438, -0.0465479, 0.55125, -0.83304, -0.937764, -0.311419, -0.153677, -0.0414817, 0.154147, 0.0230306)
bones/26/position = Vector3(-0.00781623, 0.161313, 0.0031383)
bones/26/rotation = Quaternion(0.347498, 0.616395, -0.537549, 0.458633)
bones/26/scale = Vector3(1, 1, 1)
bones/27/rest = Transform3D(-1, 1.96342e-07, 1.80359e-06, -9.8553e-08, 0.98678, -0.162065, -1.81157e-06, -0.162065, -0.98678, 6.0536e-09, 0.250972, 8.84756e-09)
bones/27/position = Vector3(6.0536e-09, 0.250972, 8.84756e-09)
bones/27/rotation = Quaternion(2.45284e-08, 0.99669, -0.0813017, 9.06793e-07)
bones/27/scale = Vector3(1, 1, 1)
bones/28/rest = Transform3D(1, 3.35276e-08, 6.42613e-08, -3.35276e-08, 1, -1.08033e-07, -6.42613e-08, 1.08033e-07, 1, 9.31323e-10, 0.0799912, -1.81608e-08)
bones/28/position = Vector3(9.31323e-10, 0.0799912, -1.81608e-08)
bones/28/rotation = Quaternion(5.40165e-08, 3.21307e-08, -1.67638e-08, 1)
bones/28/scale = Vector3(1, 1, 1)
bones/29/rotation = Quaternion(-1.45132e-07, -0.115391, 9.11208e-08, 0.99332)
bones/30/rest = Transform3D(0.36886, -0.122427, -0.921388, -0.0209355, -0.992131, 0.123446, -0.929255, -0.0262443, -0.368518, -0.168466, -3.39317e-06, 0.000235811)
bones/30/position = Vector3(-0.168466, -3.39317e-06, 0.000235811)
bones/30/rotation = Quaternion(0.82617, -0.0447511, -0.559971, -0.0432896)
bones/30/scale = Vector3(1.00001, 1, 1)
bones/31/rest = Transform3D(0.990702, 0.136049, -4.24844e-07, -0.136049, 0.990702, -5.02874e-06, -2.63261e-07, 5.03978e-06, 1, -9.42964e-09, 0.164137, 4.60423e-08)
bones/31/position = Vector3(-9.42964e-09, 0.164137, 4.60423e-08)
bones/31/rotation = Quaternion(0.0136007, -0.00350462, -0.101353, 0.994751)
bones/31/scale = Vector3(1, 1, 1)
bones/32/rest = Transform3D(-0.344154, -0.774074, -0.531383, 0.0465575, 0.55119, -0.83308, 0.937758, -0.311448, -0.153655, 0.0412739, 0.153885, 0.0229307)
bones/32/position = Vector3(0.0167946, 0.145147, 0.0134542)
bones/32/rotation = Quaternion(0.347487, -0.616401, 0.537554, 0.458628)
bones/32/scale = Vector3(1, 1, 1)
bones/33/rest = Transform3D(-1, 9.58493e-07, -7.05385e-07, 1.06014e-06, 0.98678, -0.162065, 5.40722e-07, -0.162065, -0.98678, 6.51926e-09, 0.25097, -1.94414e-08)
bones/33/position = Vector3(6.51926e-09, 0.25097, -1.94414e-08)
bones/33/rotation = Quaternion(5.06334e-07, 0.99669, -0.0813017, -3.12562e-07)
bones/33/scale = Vector3(1, 1, 1)
bones/35/rest = Transform3D(1, 7.45058e-09, -4.92437e-08, -7.45058e-09, 1, -5.58794e-08, 4.92437e-08, 5.58794e-08, 1, -1.86265e-09, -4.23752e-08, 2.35159e-08)
bones/35/position = Vector3(-1.86265e-09, -4.23752e-08, 2.35159e-08)
bones/35/rotation = Quaternion(2.79397e-08, -2.46218e-08, -3.72529e-09, 1)
bones/35/scale = Vector3(1, 1, 1)
script = ExtResource("3_ef60n")

[node name="band_top_r" type="BoneAttachment3D" parent="root/Skeleton3D" index="6"]
transform = Transform3D(-0.448972, -0.801512, -0.394968, -0.165877, -0.359578, 0.918253, -0.878014, 0.477786, 0.0284877, -0.297845, 1.39515, 0.0784905)
bone_name = "band_top.r"
bone_idx = 7
script = ExtResource("4_acjws")
properties = SubResource("Resource_dnrra")
const_force_local = Vector3(0, 2, 0)

[node name="band_bot_r" type="BoneAttachment3D" parent="root/Skeleton3D" index="7"]
transform = Transform3D(-0.413694, -0.819602, -0.396369, -0.0895455, -0.396629, 0.913601, -0.906002, 0.413443, 0.0906916, -0.391794, 1.353, 0.134494)
bone_name = "band_bot.r"
bone_idx = 8
script = ExtResource("4_acjws")
properties = SubResource("Resource_2xjce")
const_force_local = Vector3(0, 2, 0)

[node name="band_top_l" type="BoneAttachment3D" parent="root/Skeleton3D" index="8"]
transform = Transform3D(0.445578, -0.801513, -0.398793, 0.173727, -0.359576, 0.916801, -0.878225, -0.477787, -0.0209743, -0.297845, 1.39515, -0.0699987)
bone_name = "band_top.l"
bone_idx = 10
script = ExtResource("4_acjws")
properties = SubResource("Resource_2xjce")
const_force_local = Vector3(0, 2, 0)

[node name="band_bot_l" type="BoneAttachment3D" parent="root/Skeleton3D" index="9"]
transform = Transform3D(0.456468, -0.819602, -0.346249, -0.0159407, -0.396628, 0.917841, -0.889597, -0.413445, -0.194113, -0.391795, 1.353, -0.126002)
bone_name = "band_bot.l"
bone_idx = 11
script = ExtResource("4_acjws")
properties = SubResource("Resource_2xjce")
const_force_local = Vector3(0, 2, 0)

[node name="band_attach_l" type="BoneAttachment3D" parent="root/Skeleton3D" index="10"]
transform = Transform3D(0.736602, -0.417501, -0.532081, 0.488274, -0.216092, 0.845513, -0.467982, -0.882608, 0.0446813, -0.260717, 1.41437, 0.00849085)
bone_name = "band_attach.l"
bone_idx = 9
script = ExtResource("4_acjws")
properties = SubResource("Resource_2xjce")
const_force_local = Vector3(0, 2, 0)

[node name="band_attach_r" type="BoneAttachment3D" parent="root/Skeleton3D" index="11"]
transform = Transform3D(-0.765973, -0.4175, -0.488854, -0.438855, -0.216096, 0.872186, -0.469777, 0.882608, -0.0176985, -0.260717, 1.41437, 9.54561e-07)
bone_name = "band_attach.r"
bone_idx = 6
script = ExtResource("4_acjws")
properties = SubResource("Resource_2xjce")
const_force_local = Vector3(0, 2, 0)

[node name="AnimationPlayer" parent="." index="1"]
playback_process_mode = 0

[node name="AnimationTree" type="AnimationTree" parent="." index="2"]
tree_root = SubResource("AnimationNodeBlendTree_dcbpa")
anim_player = NodePath("../AnimationPlayer")
active = true
process_callback = 0
parameters/Add2/add_amount = 1.0
parameters/Bot/TimeScale/scale = 1.5
parameters/Bot/speed/blend_amount = 0.0
parameters/Bot/swim/blend_amount = 0
parameters/Bot/vertical/blend_amount = 0
parameters/Top/Add2/add_amount = 1.0
parameters/Top/TimeScale/scale = 1.5
"parameters/Top/TimeScale 2/scale" = 1.75
"parameters/Top/TimeScale 3/scale" = 2.0
parameters/Top/Use/blend_amount = 0.0
parameters/Top/aim/blend_amount = 0.0
parameters/Top/speed/blend_amount = 0.0
parameters/Top/strikestart/seek_request = -1.0
parameters/Top/swim/blend_amount = 0
parameters/Top/vertical/blend_amount = 0
parameters/TopBot/add_amount = 1.0

[node name="MultiplayerSynchronizer" type="MultiplayerSynchronizer" parent="." index="3"]
replication_config = SubResource("SceneReplicationConfig_ycw4q")

[node name="RunTrail" parent="." index="4" instance=ExtResource("6_iwyff")]

[node name="HitSound" type="AudioStreamPlayer3D" parent="." index="5"]
transform = Transform3D(1, 0, 0, 0, 1, 0, 0, 0, 1, 0, 1.06107, 0)
stream = ExtResource("7_6846g")
volume_db = -4.0
max_db = 1.0
max_distance = 16.0
max_polyphony = 4
panning_strength = 2.0

[node name="HandL" type="BoneAttachment3D" parent="." index="6"]
transform = Transform3D(0.881636, 0.470234, 0.0399569, 0.294576, -0.614486, 0.731867, 0.368702, -0.63347, -0.680273, 0.119204, 0.616484, -0.603225)
bone_name = "hand.l"
bone_idx = 17
use_external_skeleton = true
external_skeleton = NodePath("../root/Skeleton3D")

[node name="HandR" type="BoneAttachment3D" parent="." index="7"]
transform = Transform3D(-0.88184, 0.469873, 0.0397216, -0.293737, -0.613259, 0.733233, 0.368886, 0.634927, 0.678815, 0.0981006, 0.604624, 0.644823)
bone_name = "hand.r"
bone_idx = 23
use_external_skeleton = true
external_skeleton = NodePath("../root/Skeleton3D")
